candlestick_code3,label_increase,label_decrease,occurrence,percentage
BBB,280,307,587,0.48
BBD,17,17,34,0.5
BBH,4,1,5,0.8
BBK,12,20,32,0.38
BBL,94,92,186,0.51
BBM,223,221,444,0.5
BBN,304,346,650,0.47
BBP,385,382,767,0.5
BBS,102,126,228,0.45
BBb,311,338,649,0.48
BBh,32,34,66,0.48
BBj,93,97,190,0.49
BBl,96,135,231,0.42
BBm,236,211,447,0.53
BBn,377,362,739,0.51
BBs,115,108,223,0.52
BBt,44,49,93,0.47
BDB,11,6,17,0.65
BDD,2,4,6,0.33
BDH,13,16,29,0.45
BDI,1,0,1,1.0
BDL,6,12,18,0.33
BDM,14,16,30,0.47
BDN,19,19,38,0.5
BDP,28,19,47,0.6
BDS,13,14,27,0.48
BDb,18,19,37,0.49
BDh,0,1,1,0.0
BDl,3,9,12,0.25
BDm,21,12,33,0.64
BDn,15,14,29,0.52
BDs,12,13,25,0.48
BDt,4,2,6,0.67
BHB,2,1,3,0.67
BHI,1,1,2,0.5
BHL,0,2,2,0.0
BHM,7,4,11,0.64
BHN,3,3,6,0.5
BHP,3,4,7,0.43
BHS,2,3,5,0.4
BHb,4,1,5,0.8
BHh,1,0,1,1.0
BHl,0,2,2,0.0
BHm,3,1,4,0.75
BHn,2,1,3,0.67
BHs,0,2,2,0.0
BIH,0,1,1,0.0
BIM,1,0,1,1.0
BIN,0,1,1,0.0
BIn,0,0,0,
BKB,19,17,36,0.53
BKH,3,2,5,0.6
BKI,5,0,5,1.0
BKL,4,5,9,0.44
BKM,23,14,37,0.62
BKN,7,16,23,0.3
BKP,26,24,50,0.52
BKS,9,15,24,0.38
BKb,26,25,51,0.51
BKh,10,14,24,0.42
BKl,11,8,19,0.58
BKm,17,24,41,0.41
BKn,24,18,42,0.57
BKs,12,17,29,0.41
BKt,1,2,3,0.33
BLB,87,100,187,0.47
BLD,5,9,14,0.36
BLH,3,4,7,0.43
BLK,6,8,14,0.43
BLL,33,49,82,0.4
BLM,76,103,179,0.42
BLN,77,105,182,0.42
BLP,144,149,293,0.49
BLS,58,67,125,0.46
BLb,121,117,238,0.51
BLh,50,61,111,0.45
BLj,43,48,91,0.47
BLl,70,64,134,0.52
BLm,121,81,202,0.6
BLn,144,161,305,0.47
BLs,62,52,114,0.54
BLt,22,22,44,0.5
BMB,209,253,462,0.45
BMD,10,15,25,0.4
BMH,0,2,2,0.0
BMI,0,0,0,
BMK,3,1,4,0.75
BML,96,89,185,0.52
BMM,234,278,512,0.46
BMN,247,290,537,0.46
BMP,354,382,736,0.48
BMS,121,149,270,0.45
BMb,318,341,659,0.48
BMh,214,205,419,0.51
BMj,71,68,139,0.51
BMl,116,125,241,0.48
BMm,255,228,483,0.53
BMn,413,358,771,0.54
BMs,133,130,263,0.51
BMt,40,43,83,0.48
BNB,268,255,523,0.51
BND,24,19,43,0.56
BNH,49,43,92,0.53
BNI,1,0,1,1.0
BNK,11,20,31,0.35
BNL,110,108,218,0.5
BNM,274,307,581,0.47
BNN,382,412,794,0.48
BNP,544,577,1121,0.49
BNS,196,176,372,0.53
BNb,333,327,660,0.5
BNh,112,153,265,0.42
BNl,160,150,310,0.52
BNm,268,250,518,0.52
BNn,482,486,968,0.5
BNs,219,197,416,0.53
BNt,74,65,139,0.53
BPB,319,348,667,0.48
BPD,16,28,44,0.36
BPH,106,111,217,0.49
BPI,28,19,47,0.6
BPK,32,31,63,0.51
BPL,161,207,368,0.44
BPM,353,450,803,0.44
BPN,451,462,913,0.49
BPP,659,668,1327,0.5
BPS,246,262,508,0.48
BPb,445,417,862,0.52
BPh,36,43,79,0.46
BPl,235,220,455,0.52
BPm,380,280,660,0.58
BPn,440,426,866,0.51
BPs,233,253,486,0.48
BPt,42,33,75,0.56
BSB,116,96,212,0.55
BSD,11,20,31,0.35
BSH,46,61,107,0.43
BSI,4,0,4,1.0
BSK,2,3,5,0.4
BSL,54,64,118,0.46
BSM,131,163,294,0.45
BSN,153,151,304,0.5
BSP,258,242,500,0.52
BSS,127,133,260,0.49
BSb,162,157,319,0.51
BSh,94,111,205,0.46
BSl,89,85,174,0.51
BSm,146,110,256,0.57
BSn,208,214,422,0.49
BSs,150,131,281,0.53
BSt,20,19,39,0.51
BbB,269,279,548,0.49
BbD,17,19,36,0.47
BbH,113,108,221,0.51
BbI,44,27,71,0.62
BbJ,107,81,188,0.57
BbK,24,30,54,0.44
BbL,132,134,266,0.5
BbM,304,377,681,0.45
BbN,424,451,875,0.48
BbP,440,469,909,0.48
BbS,147,184,331,0.44
Bbb,358,340,698,0.51
Bbl,168,113,281,0.6
Bbm,275,183,458,0.6
Bbn,371,355,726,0.51
Bbs,154,144,298,0.52
BhB,24,27,51,0.47
BhD,1,0,1,1.0
BhH,4,5,9,0.44
BhI,0,1,1,0.0
BhK,1,0,1,1.0
BhL,16,11,27,0.59
BhM,28,34,62,0.45
BhN,44,39,83,0.53
BhP,53,62,115,0.46
BhS,20,35,55,0.36
Bhb,48,38,86,0.56
Bhh,23,32,55,0.42
Bhl,29,28,57,0.51
Bhm,34,31,65,0.52
Bhn,67,50,117,0.57
Bhs,28,25,53,0.53
Bht,0,5,5,0.0
BjB,110,91,201,0.55
BjD,6,5,11,0.55
BjH,23,27,50,0.46
BjI,5,8,13,0.38
BjK,8,6,14,0.57
BjL,38,46,84,0.45
BjM,90,113,203,0.44
BjN,81,111,192,0.42
BjP,161,154,315,0.51
BjS,55,72,127,0.43
Bjb,131,104,235,0.56
Bjh,17,29,46,0.37
Bjl,70,69,139,0.5
Bjm,79,59,138,0.57
Bjn,137,113,250,0.55
Bjs,58,57,115,0.5
Bjt,15,20,35,0.43
BlB,115,103,218,0.53
BlD,11,10,21,0.52
BlH,76,109,185,0.41
BlI,15,11,26,0.58
BlJ,26,39,65,0.4
BlK,4,5,9,0.44
BlL,45,66,111,0.41
BlM,132,148,280,0.47
BlN,138,158,296,0.47
BlP,167,152,319,0.52
BlS,103,89,192,0.54
Blb,147,125,272,0.54
Bll,52,76,128,0.41
Blm,122,90,212,0.58
Bln,118,137,255,0.46
Bls,69,83,152,0.45
BmB,206,193,399,0.52
BmD,34,19,53,0.64
BmH,188,153,341,0.55
BmI,15,18,33,0.45
BmJ,60,63,123,0.49
BmK,0,3,3,0.0
BmL,93,74,167,0.56
BmM,262,279,541,0.48
BmN,309,314,623,0.5
BmP,343,322,665,0.52
BmS,142,160,302,0.47
Bmb,258,255,513,0.5
Bml,99,64,163,0.61
Bmm,204,162,366,0.56
Bmn,261,251,512,0.51
Bms,103,104,207,0.5
Bmt,1,0,1,1.0
BnB,292,275,567,0.51
BnD,39,29,68,0.57
BnH,197,188,385,0.51
BnI,65,59,124,0.52
BnK,27,41,68,0.4
BnL,139,136,275,0.51
BnM,377,409,786,0.48
BnN,585,578,1163,0.5
BnP,644,681,1325,0.49
BnS,277,319,596,0.46
Bnb,404,365,769,0.53
Bnh,17,27,44,0.39
Bnl,167,167,334,0.5
Bnm,354,290,644,0.55
Bnn,510,511,1021,0.5
Bns,262,226,488,0.54
Bnt,0,3,3,0.0
BsB,91,96,187,0.49
BsD,16,13,29,0.55
BsH,140,120,260,0.54
BsI,18,18,36,0.5
BsK,3,3,6,0.5
BsL,57,56,113,0.5
BsM,126,131,257,0.49
BsN,157,155,312,0.5
BsP,215,234,449,0.48
BsS,129,165,294,0.44
Bsb,137,136,273,0.5
Bsh,5,11,16,0.31
Bsl,67,66,133,0.5
Bsm,131,122,253,0.52
Bsn,140,127,267,0.52
Bss,106,106,212,0.5
BtB,31,51,82,0.38
BtD,3,4,7,0.43
BtH,34,41,75,0.45
BtI,1,0,1,1.0
BtK,0,4,4,0.0
BtL,25,19,44,0.57
BtM,44,48,92,0.48
BtN,67,59,126,0.53
BtP,102,100,202,0.5
BtS,37,55,92,0.4
Btb,61,61,122,0.5
Bth,1,0,1,1.0
Btl,24,21,45,0.53
Btm,57,36,93,0.61
Btn,61,54,115,0.53
Bts,36,35,71,0.51
Btt,17,10,27,0.63
DBB,19,16,35,0.54
DBD,3,1,4,0.75
DBK,0,3,3,0.0
DBL,4,9,13,0.31
DBM,17,17,34,0.5
DBN,21,26,47,0.45
DBP,19,21,40,0.48
DBS,15,15,30,0.5
DBb,24,21,45,0.53
DBh,4,1,5,0.8
DBj,4,6,10,0.4
DBl,11,4,15,0.73
DBm,18,16,34,0.53
DBn,29,14,43,0.67
DBs,10,12,22,0.45
DBt,3,6,9,0.33
DDB,3,1,4,0.75
DDH,2,4,6,0.33
DDL,0,4,4,0.0
DDM,0,3,3,0.0
DDN,4,1,5,0.8
DDP,5,1,6,0.83
DDS,4,6,10,0.4
DDb,2,2,4,0.5
DDl,0,2,2,0.0
DDm,2,4,6,0.33
DDn,7,3,10,0.7
DDs,2,4,6,0.33
DHB,12,19,31,0.39
DHD,5,1,6,0.83
DHH,4,9,13,0.31
DHI,4,1,5,0.8
DHK,1,3,4,0.25
DHL,5,13,18,0.28
DHM,32,28,60,0.53
DHN,24,23,47,0.51
DHP,51,45,96,0.53
DHS,20,20,40,0.5
DHb,21,23,44,0.48
DHh,18,9,27,0.67
DHl,13,14,27,0.48
DHm,29,25,54,0.54
DHn,28,26,54,0.52
DHs,29,14,43,0.67
DHt,4,2,6,0.67
DIB,3,2,5,0.6
DID,0,1,1,0.0
DIH,0,1,1,0.0
DIL,0,2,2,0.0
DIM,3,1,4,0.75
DIN,1,1,2,0.5
DIP,2,5,7,0.29
DIS,1,1,2,0.5
DIb,4,2,6,0.67
DIl,0,1,1,0.0
DIm,3,1,4,0.75
DIn,1,0,1,1.0
DIs,2,1,3,0.67
DKM,1,1,2,0.5
DKN,0,1,1,0.0
DKP,0,1,1,0.0
DKS,1,1,2,0.5
DKb,1,1,2,0.5
DKm,2,0,2,1.0
DKs,1,2,3,0.33
DLB,15,7,22,0.68
DLD,3,1,4,0.75
DLH,0,0,0,
DLK,0,0,0,
DLL,8,5,13,0.62
DLM,7,15,22,0.32
DLN,12,4,16,0.75
DLP,11,22,33,0.33
DLS,10,12,22,0.45
DLb,12,19,31,0.39
DLh,5,6,11,0.45
DLj,8,2,10,0.8
DLl,4,6,10,0.4
DLm,15,9,24,0.62
DLn,20,16,36,0.56
DLs,8,7,15,0.53
DLt,3,2,5,0.6
DMB,28,28,56,0.5
DMD,2,2,4,0.5
DML,8,8,16,0.5
DMM,24,22,46,0.52
DMN,19,23,42,0.45
DMP,28,28,56,0.5
DMS,17,25,42,0.4
DMb,27,26,53,0.51
DMh,23,23,46,0.5
DMj,8,4,12,0.67
DMl,10,12,22,0.45
DMm,32,21,53,0.6
DMn,44,45,89,0.49
DMs,15,19,34,0.44
DMt,2,4,6,0.33
DNB,29,20,49,0.59
DND,5,7,12,0.42
DNH,2,5,7,0.29
DNK,5,3,8,0.62
DNL,8,7,15,0.53
DNM,29,24,53,0.55
DNN,28,29,57,0.49
DNP,46,48,94,0.49
DNS,22,22,44,0.5
DNb,22,26,48,0.46
DNh,7,7,14,0.5
DNl,11,12,23,0.48
DNm,26,19,45,0.58
DNn,37,30,67,0.55
DNs,18,22,40,0.45
DNt,8,8,16,0.5
DPB,28,27,55,0.51
DPD,3,1,4,0.75
DPH,6,8,14,0.43
DPI,5,3,8,0.62
DPK,4,3,7,0.57
DPL,29,20,49,0.59
DPM,40,52,92,0.43
DPN,45,34,79,0.57
DPP,69,68,137,0.5
DPS,36,48,84,0.43
DPb,34,36,70,0.49
DPh,5,3,8,0.62
DPl,21,21,42,0.5
DPm,41,25,66,0.62
DPn,37,38,75,0.49
DPs,31,33,64,0.48
DPt,6,2,8,0.75
DSB,16,19,35,0.46
DSD,2,3,5,0.4
DSH,8,7,15,0.53
DSI,1,0,1,1.0
DSK,0,0,0,
DSL,12,9,21,0.57
DSM,31,25,56,0.55
DSN,23,23,46,0.5
DSP,30,42,72,0.42
DSS,31,24,55,0.56
DSb,19,19,38,0.5
DSh,21,16,37,0.57
DSl,10,14,24,0.42
DSm,21,23,44,0.48
DSn,45,37,82,0.55
DSs,25,21,46,0.54
DSt,6,4,10,0.6
DbB,19,20,39,0.49
DbD,1,3,4,0.25
DbH,5,7,12,0.42
DbI,3,2,5,0.6
DbJ,9,7,16,0.56
DbK,2,1,3,0.67
DbL,10,4,14,0.71
DbM,36,30,66,0.55
DbN,29,25,54,0.54
DbP,41,32,73,0.56
DbS,15,14,29,0.52
Dbb,30,30,60,0.5
Dbl,14,8,22,0.64
Dbm,19,17,36,0.53
Dbn,27,29,56,0.48
Dbs,24,11,35,0.69
DhB,0,1,1,0.0
DhM,0,1,1,0.0
DhN,1,0,1,1.0
DhP,2,0,2,1.0
DhS,1,1,2,0.5
Dhb,1,2,3,0.33
Dhm,1,0,1,1.0
Dhn,2,1,3,0.67
DlB,11,7,18,0.61
DlD,0,2,2,0.0
DlH,9,10,19,0.47
DlI,5,0,5,1.0
DlJ,3,4,7,0.43
DlK,1,1,2,0.5
DlL,8,2,10,0.8
DlM,19,13,32,0.59
DlN,9,10,19,0.47
DlP,24,15,39,0.62
DlS,10,5,15,0.67
Dlb,16,8,24,0.67
Dll,3,6,9,0.33
Dlm,11,8,19,0.58
Dln,10,11,21,0.48
Dls,7,8,15,0.47
DmB,19,10,29,0.66
DmD,4,1,5,0.8
DmH,22,22,44,0.5
DmI,2,0,2,1.0
DmJ,6,9,15,0.4
DmL,14,13,27,0.52
DmM,21,25,46,0.46
DmN,25,30,55,0.45
DmP,35,30,65,0.54
DmS,15,21,36,0.42
Dmb,30,23,53,0.57
Dml,8,9,17,0.47
Dmm,23,23,46,0.5
Dmn,27,25,52,0.52
Dms,9,15,24,0.38
DnB,14,20,34,0.41
DnD,2,2,4,0.5
DnH,15,14,29,0.52
DnI,6,5,11,0.55
DnK,3,3,6,0.5
DnL,7,11,18,0.39
DnM,23,35,58,0.4
DnN,38,45,83,0.46
DnP,39,41,80,0.49
DnS,26,24,50,0.52
Dnb,25,22,47,0.53
Dnh,1,0,1,1.0
Dnl,13,11,24,0.54
Dnm,17,21,38,0.45
Dnn,32,32,64,0.5
Dns,14,18,32,0.44
DsB,19,11,30,0.63
DsD,2,3,5,0.4
DsH,18,28,46,0.39
DsI,6,3,9,0.67
DsK,0,2,2,0.0
DsL,6,9,15,0.4
DsM,16,32,48,0.33
DsN,31,15,46,0.67
DsP,23,20,43,0.53
DsS,28,37,65,0.43
Dsb,35,13,48,0.73
Dsh,0,3,3,0.0
Dsl,11,20,31,0.35
Dsm,21,11,32,0.66
Dsn,23,16,39,0.59
Dss,13,17,30,0.43
DtB,4,2,6,0.67
DtD,2,0,2,1.0
DtH,3,1,4,0.75
DtK,1,0,1,1.0
DtL,2,2,4,0.5
DtM,5,4,9,0.56
DtN,4,3,7,0.57
DtP,8,10,18,0.44
DtS,5,2,7,0.71
Dtb,4,5,9,0.44
Dtl,1,2,3,0.33
Dtm,7,1,8,0.88
Dtn,4,6,10,0.4
Dts,4,5,9,0.44
Dtt,2,1,3,0.67
HBB,59,76,135,0.44
HBD,5,8,13,0.38
HBH,1,1,2,0.5
HBK,5,6,11,0.45
HBL,29,38,67,0.43
HBM,70,103,173,0.4
HBN,97,103,200,0.48
HBP,102,130,232,0.44
HBS,45,55,100,0.45
HBb,112,88,200,0.56
HBh,9,18,27,0.33
HBj,33,31,64,0.52
HBl,45,56,101,0.45
HBm,78,78,156,0.5
HBn,122,145,267,0.46
HBs,58,62,120,0.48
HBt,25,20,45,0.56
HDB,7,1,8,0.88
HDD,1,1,2,0.5
HDH,11,11,22,0.5
HDI,1,0,1,1.0
HDK,0,0,0,
HDL,3,2,5,0.6
HDM,12,13,25,0.48
HDN,12,6,18,0.67
HDP,18,9,27,0.67
HDS,16,15,31,0.52
HDb,15,7,22,0.68
HDl,2,5,7,0.29
HDm,6,13,19,0.32
HDn,13,10,23,0.57
HDs,8,13,21,0.38
HDt,2,4,6,0.33
HHB,22,13,35,0.63
HHD,2,8,10,0.2
HHH,16,6,22,0.73
HHI,1,4,5,0.2
HHK,4,6,10,0.4
HHL,10,7,17,0.59
HHM,25,28,53,0.47
HHN,33,26,59,0.56
HHP,38,36,74,0.51
HHS,33,32,65,0.51
HHb,26,22,48,0.54
HHh,3,6,9,0.33
HHl,10,11,21,0.48
HHm,19,17,36,0.53
HHn,24,21,45,0.53
HHs,26,18,44,0.59
HHt,1,1,2,0.5
HIB,9,7,16,0.56
HID,2,1,3,0.67
HIH,14,8,22,0.64
HII,2,2,4,0.5
HIL,3,7,10,0.3
HIM,12,15,27,0.44
HIN,14,13,27,0.52
HIP,22,22,44,0.5
HIS,10,12,22,0.45
HIb,10,7,17,0.59
HIl,5,2,7,0.71
HIm,9,7,16,0.56
HIn,13,8,21,0.62
HIs,8,8,16,0.5
HIt,0,1,1,0.0
HKB,4,8,12,0.33
HKD,1,0,1,1.0
HKH,2,1,3,0.67
HKL,6,9,15,0.4
HKM,8,8,16,0.5
HKN,11,11,22,0.5
HKP,24,10,34,0.71
HKS,7,11,18,0.39
HKb,15,13,28,0.54
HKh,10,12,22,0.45
HKl,4,4,8,0.5
HKm,12,9,21,0.57
HKn,14,12,26,0.54
HKs,7,9,16,0.44
HKt,3,0,3,1.0
HLB,36,31,67,0.54
HLD,6,3,9,0.67
HLH,1,0,1,1.0
HLK,3,7,10,0.3
HLL,16,21,37,0.43
HLM,54,52,106,0.51
HLN,56,49,105,0.53
HLP,54,64,118,0.46
HLS,38,46,84,0.45
HLb,43,56,99,0.43
HLh,24,29,53,0.45
HLj,19,13,32,0.59
HLl,33,19,52,0.63
HLm,42,39,81,0.52
HLn,64,80,144,0.44
HLs,38,29,67,0.57
HLt,5,11,16,0.31
HMB,113,110,223,0.51
HMD,14,11,25,0.56
HMH,0,2,2,0.0
HMK,3,0,3,1.0
HML,50,54,104,0.48
HMM,116,152,268,0.43
HMN,149,119,268,0.56
HMP,162,176,338,0.48
HMS,85,100,185,0.46
HMb,142,132,274,0.52
HMh,117,124,241,0.49
HMj,38,38,76,0.5
HMl,77,57,134,0.57
HMm,125,100,225,0.56
HMn,213,218,431,0.49
HMs,82,77,159,0.52
HMt,23,24,47,0.49
HNB,85,102,187,0.45
HND,11,11,22,0.5
HNH,16,15,31,0.52
HNI,2,1,3,0.67
HNK,11,17,28,0.39
HNL,49,48,97,0.51
HNM,139,156,295,0.47
HNN,166,167,333,0.5
HNP,207,221,428,0.48
HNS,96,127,223,0.43
HNb,140,126,266,0.53
HNh,56,67,123,0.46
HNl,81,69,150,0.54
HNm,137,114,251,0.55
HNn,198,197,395,0.5
HNs,120,103,223,0.54
HNt,26,35,61,0.43
HPB,113,152,265,0.43
HPD,16,12,28,0.57
HPH,65,56,121,0.54
HPI,19,16,35,0.54
HPK,28,20,48,0.58
HPL,86,103,189,0.46
HPM,240,231,471,0.51
HPN,194,218,412,0.47
HPP,296,337,633,0.47
HPS,155,167,322,0.48
HPb,201,178,379,0.53
HPh,32,26,58,0.55
HPl,108,102,210,0.51
HPm,186,156,342,0.54
HPn,204,215,419,0.49
HPs,167,138,305,0.55
HPt,22,14,36,0.61
HSB,54,74,128,0.42
HSD,7,4,11,0.64
HSH,34,38,72,0.47
HSI,1,1,2,0.5
HSK,3,7,10,0.3
HSL,45,31,76,0.59
HSM,101,116,217,0.47
HSN,87,86,173,0.5
HSP,134,119,253,0.53
HSS,104,111,215,0.48
HSb,86,92,178,0.48
HSh,82,81,163,0.5
HSl,67,57,124,0.54
HSm,72,86,158,0.46
HSn,110,113,223,0.49
HSs,140,119,259,0.54
HSt,22,13,35,0.63
HbB,117,108,225,0.52
HbD,11,10,21,0.52
HbH,42,44,86,0.49
HbI,14,9,23,0.61
HbJ,43,29,72,0.6
HbK,14,11,25,0.56
HbL,45,65,110,0.41
HbM,132,126,258,0.51
HbN,169,156,325,0.52
HbP,191,159,350,0.55
HbS,85,69,154,0.55
Hbb,149,130,279,0.53
Hbl,55,44,99,0.56
Hbm,110,68,178,0.62
Hbn,130,135,265,0.49
Hbs,89,71,160,0.56
HhB,32,30,62,0.52
HhD,1,5,6,0.17
HhH,9,17,26,0.35
HhI,3,4,7,0.43
HhK,3,2,5,0.6
HhL,23,19,42,0.55
HhM,50,61,111,0.45
HhN,42,56,98,0.43
HhP,79,89,168,0.47
HhS,50,61,111,0.45
Hhb,60,56,116,0.52
Hhh,35,45,80,0.44
Hhl,34,27,61,0.56
Hhm,42,32,74,0.57
Hhn,67,56,123,0.54
Hhs,68,51,119,0.57
Hht,11,9,20,0.55
HlB,47,54,101,0.47
HlD,8,4,12,0.67
HlH,40,39,79,0.51
HlI,4,3,7,0.57
HlJ,11,18,29,0.38
HlK,2,7,9,0.22
HlL,29,27,56,0.52
HlM,80,82,162,0.49
HlN,65,96,161,0.4
HlP,81,88,169,0.48
HlS,39,41,80,0.49
Hlb,79,75,154,0.51
Hll,36,28,64,0.56
Hlm,52,38,90,0.58
Hln,41,62,103,0.4
Hls,36,49,85,0.42
HmB,83,94,177,0.47
HmD,15,18,33,0.45
HmH,64,80,144,0.44
HmI,5,10,15,0.33
HmJ,32,15,47,0.68
HmK,0,1,1,0.0
HmL,51,40,91,0.56
HmM,105,132,237,0.44
HmN,138,120,258,0.53
HmP,137,134,271,0.51
HmS,61,69,130,0.47
Hmb,114,95,209,0.55
Hmh,1,0,1,1.0
Hml,39,54,93,0.42
Hmm,79,69,148,0.53
Hmn,120,105,225,0.53
Hms,62,52,114,0.54
HnB,92,105,197,0.47
HnD,8,9,17,0.47
HnH,85,69,154,0.55
HnI,28,15,43,0.65
HnK,17,17,34,0.5
HnL,68,59,127,0.54
HnM,177,187,364,0.49
HnN,208,225,433,0.48
HnP,256,263,519,0.49
HnS,145,130,275,0.53
Hnb,170,130,300,0.57
Hnh,8,11,19,0.42
Hnl,82,71,153,0.54
Hnm,108,122,230,0.47
Hnn,195,174,369,0.53
Hns,125,103,228,0.55
Hnt,1,1,2,0.5
HsB,61,58,119,0.51
HsD,13,12,25,0.52
HsH,105,108,213,0.49
HsI,9,10,19,0.47
HsK,4,5,9,0.44
HsL,42,30,72,0.58
HsM,97,106,203,0.48
HsN,104,122,226,0.46
HsP,164,150,314,0.52
HsS,128,129,257,0.5
Hsb,91,94,185,0.49
Hsh,5,6,11,0.45
Hsl,53,48,101,0.52
Hsm,83,84,167,0.5
Hsn,92,92,184,0.5
Hss,123,90,213,0.58
HtB,7,7,14,0.5
HtD,1,0,1,1.0
HtH,2,6,8,0.25
HtI,1,0,1,1.0
HtL,3,2,5,0.6
HtM,13,11,24,0.54
HtN,9,9,18,0.5
HtP,20,14,34,0.59
HtS,10,4,14,0.71
Htb,8,12,20,0.4
Hth,1,0,1,1.0
Htl,6,1,7,0.86
Htm,6,4,10,0.6
Htn,7,13,20,0.35
Hts,11,4,15,0.73
Htt,1,2,3,0.33
IBB,18,17,35,0.51
IBK,2,3,5,0.4
IBL,5,7,12,0.42
IBM,20,13,33,0.61
IBN,18,22,40,0.45
IBP,17,25,42,0.4
IBS,8,7,15,0.53
IBb,16,14,30,0.53
IBh,0,3,3,0.0
IBj,7,0,7,1.0
IBl,13,6,19,0.68
IBm,20,17,37,0.54
IBn,26,16,42,0.62
IBs,11,10,21,0.52
IBt,3,4,7,0.43
IDB,4,0,4,1.0
IDD,2,0,2,1.0
IDH,2,2,4,0.5
IDI,0,0,0,
IDL,0,1,1,0.0
IDM,3,0,3,1.0
IDN,2,3,5,0.4
IDP,4,7,11,0.36
IDS,1,3,4,0.25
IDb,3,2,5,0.6
IDl,2,3,5,0.4
IDm,1,0,1,1.0
IDn,1,0,1,1.0
IDs,1,1,2,0.5
IHB,14,11,25,0.56
IHD,2,3,5,0.4
IHH,4,1,5,0.8
IHI,0,1,1,0.0
IHK,1,1,2,0.5
IHL,7,7,14,0.5
IHM,11,12,23,0.48
IHN,18,19,37,0.49
IHP,30,17,47,0.64
IHS,16,14,30,0.53
IHb,11,18,29,0.38
IHh,4,8,12,0.33
IHl,9,7,16,0.56
IHm,18,14,32,0.56
IHn,19,17,36,0.53
IHs,16,12,28,0.57
IHt,4,1,5,0.8
IIB,1,4,5,0.2
IIH,5,3,8,0.62
III,1,0,1,1.0
IIL,0,1,1,0.0
IIM,1,2,3,0.33
IIN,2,2,4,0.5
IIP,2,0,2,1.0
IIS,2,1,3,0.67
IIb,2,0,2,1.0
IIl,2,0,2,1.0
IIm,4,0,4,1.0
IIn,1,2,3,0.33
IIs,1,2,3,0.33
IKL,1,0,1,1.0
IKM,2,0,2,1.0
IKP,2,0,2,1.0
IKS,0,1,1,0.0
IKh,0,0,0,
IKn,1,0,1,1.0
ILB,8,7,15,0.53
ILD,0,1,1,0.0
ILK,3,2,5,0.6
ILL,4,5,9,0.44
ILM,5,13,18,0.28
ILN,18,9,27,0.67
ILP,14,13,27,0.52
ILS,3,5,8,0.38
ILb,10,11,21,0.48
ILh,2,1,3,0.67
ILj,3,2,5,0.6
ILl,7,5,12,0.58
ILm,7,12,19,0.37
ILn,11,14,25,0.44
ILs,12,7,19,0.63
ILt,3,3,6,0.5
IMB,14,17,31,0.45
IMD,2,4,6,0.33
IMH,1,0,1,1.0
IMK,0,1,1,0.0
IML,9,8,17,0.53
IMM,21,21,42,0.5
IMN,22,23,45,0.49
IMP,29,27,56,0.52
IMS,12,12,24,0.5
IMb,15,13,28,0.54
IMh,22,25,47,0.47
IMj,5,8,13,0.38
IMl,13,13,26,0.5
IMm,33,15,48,0.69
IMn,32,33,65,0.49
IMs,12,16,28,0.43
IMt,9,5,14,0.64
INB,22,21,43,0.51
IND,1,2,3,0.33
INH,6,5,11,0.55
INK,1,5,6,0.17
INL,12,14,26,0.46
INM,17,17,34,0.5
INN,30,25,55,0.55
INP,37,32,69,0.54
INS,22,21,43,0.51
INb,19,20,39,0.49
INh,6,2,8,0.75
INl,21,4,25,0.84
INm,25,17,42,0.6
INn,31,32,63,0.49
INs,14,9,23,0.61
INt,6,2,8,0.75
IPB,36,27,63,0.57
IPD,1,3,4,0.25
IPH,10,11,21,0.48
IPI,1,6,7,0.14
IPK,1,1,2,0.5
IPL,19,23,42,0.45
IPM,32,51,83,0.39
IPN,29,36,65,0.45
IPP,57,60,117,0.49
IPS,17,21,38,0.45
IPb,32,39,71,0.45
IPh,5,2,7,0.71
IPl,18,19,37,0.49
IPm,29,20,49,0.59
IPn,19,35,54,0.35
IPs,23,26,49,0.47
IPt,4,7,11,0.36
ISB,12,12,24,0.5
ISD,1,0,1,1.0
ISH,15,8,23,0.65
ISI,0,2,2,0.0
ISK,1,0,1,1.0
ISL,9,10,19,0.47
ISM,13,16,29,0.45
ISN,15,17,32,0.47
ISP,19,23,42,0.45
ISS,17,24,41,0.41
ISb,10,9,19,0.53
ISh,10,7,17,0.59
ISl,6,6,12,0.5
ISm,8,14,22,0.36
ISn,19,16,35,0.54
ISs,24,8,32,0.75
ISt,4,4,8,0.5
IbB,29,17,46,0.63
IbD,0,0,0,
IbH,5,9,14,0.36
IbI,1,1,2,0.5
IbJ,9,5,14,0.64
IbK,2,3,5,0.4
IbL,13,5,18,0.72
IbM,27,23,50,0.54
IbN,29,17,46,0.63
IbP,42,32,74,0.57
IbS,11,15,26,0.42
Ibb,23,25,48,0.48
Ibl,10,8,18,0.56
Ibm,17,17,34,0.5
Ibn,20,29,49,0.41
Ibs,11,7,18,0.61
IhS,1,0,1,1.0
Ihh,0,1,1,0.0
Iht,1,0,1,1.0
IlB,8,18,26,0.31
IlD,0,1,1,0.0
IlH,5,6,11,0.45
IlI,0,2,2,0.0
IlJ,2,1,3,0.67
IlK,0,0,0,
IlL,3,3,6,0.5
IlM,8,8,16,0.5
IlN,5,11,16,0.31
IlP,12,11,23,0.52
IlS,6,6,12,0.5
Ilb,11,8,19,0.58
Ill,9,3,12,0.75
Ilm,7,8,15,0.47
Iln,4,8,12,0.33
Ils,4,4,8,0.5
ImB,16,15,31,0.52
ImD,2,1,3,0.67
ImH,11,16,27,0.41
ImI,3,4,7,0.43
ImJ,4,1,5,0.8
ImL,10,7,17,0.59
ImM,29,15,44,0.66
ImN,20,20,40,0.5
ImP,21,15,36,0.58
ImS,9,15,24,0.38
Imb,19,23,42,0.45
Imh,0,1,1,0.0
Iml,4,5,9,0.44
Imm,10,12,22,0.45
Imn,17,16,33,0.52
Ims,4,10,14,0.29
InB,13,7,20,0.65
InD,6,3,9,0.67
InH,13,13,26,0.5
InI,2,3,5,0.4
InK,1,1,2,0.5
InL,5,7,12,0.42
InM,20,18,38,0.53
InN,26,23,49,0.53
InP,23,31,54,0.43
InS,17,7,24,0.71
Inb,23,23,46,0.5
Inh,0,1,1,0.0
Inl,9,7,16,0.56
Inm,23,12,35,0.66
Inn,17,17,34,0.5
Ins,15,18,33,0.45
IsB,9,4,13,0.69
IsD,2,3,5,0.4
IsH,13,12,25,0.52
IsI,2,1,3,0.67
IsK,0,1,1,0.0
IsL,5,8,13,0.38
IsM,22,10,32,0.69
IsN,14,8,22,0.64
IsP,20,14,34,0.59
IsS,14,20,34,0.41
Isb,12,11,23,0.52
Isl,7,4,11,0.64
Ism,16,7,23,0.7
Isn,9,6,15,0.6
Iss,16,13,29,0.55
ItB,0,1,1,0.0
ItD,1,1,2,0.5
ItH,2,1,3,0.67
ItM,0,0,0,
ItN,2,1,3,0.67
ItP,1,2,3,0.33
ItS,2,0,2,1.0
Itm,1,1,2,0.5
Itn,2,1,3,0.67
Its,1,1,2,0.5
JBB,20,19,39,0.51
JBD,0,0,0,
JBI,1,0,1,1.0
JBK,1,3,4,0.25
JBL,6,7,13,0.46
JBM,12,22,34,0.35
JBN,18,18,36,0.5
JBP,17,21,38,0.45
JBS,6,16,22,0.27
JBb,15,14,29,0.52
JBh,0,3,3,0.0
JBj,5,9,14,0.36
JBl,9,9,18,0.5
JBm,15,9,24,0.62
JBn,30,19,49,0.61
JBs,10,12,22,0.45
JBt,6,0,6,1.0
JDB,0,1,1,0.0
JDH,3,1,4,0.75
JDL,1,0,1,1.0
JDM,1,2,3,0.33
JDN,1,0,1,1.0
JDP,1,0,1,1.0
JDS,2,2,4,0.5
JDb,3,0,3,1.0
JDh,0,1,1,0.0
JDl,0,2,2,0.0
JDm,1,0,1,1.0
JDs,1,0,1,1.0
JHB,4,6,10,0.4
JHD,0,1,1,0.0
JHH,2,0,2,1.0
JHI,0,2,2,0.0
JHK,0,3,3,0.0
JHL,3,6,9,0.33
JHM,14,9,23,0.61
JHN,5,6,11,0.45
JHP,11,15,26,0.42
JHS,7,12,19,0.37
JHb,8,13,21,0.38
JHh,3,3,6,0.5
JHl,4,2,6,0.67
JHm,10,3,13,0.77
JHn,12,14,26,0.46
JHs,5,6,11,0.45
JHt,1,0,1,1.0
JIB,2,2,4,0.5
JID,1,0,1,1.0
JIH,2,1,3,0.67
JIL,1,3,4,0.25
JIM,2,1,3,0.67
JIN,1,4,5,0.2
JIP,5,1,6,0.83
JIS,1,3,4,0.25
JIb,1,4,5,0.2
JIl,1,1,2,0.5
JIm,3,0,3,1.0
JIn,0,1,1,0.0
JIs,0,2,2,0.0
JKB,0,3,3,0.0
JKH,0,1,1,0.0
JKM,1,2,3,0.33
JKN,0,2,2,0.0
JKP,5,4,9,0.56
JKS,1,2,3,0.33
JKb,1,1,2,0.5
JKh,1,2,3,0.33
JKl,0,1,1,0.0
JKm,2,2,4,0.5
JKn,4,2,6,0.67
JKs,1,0,1,1.0
JLB,8,7,15,0.53
JLD,3,1,4,0.75
JLL,11,4,15,0.73
JLM,10,13,23,0.43
JLN,9,5,14,0.64
JLP,6,17,23,0.26
JLS,6,12,18,0.33
JLb,16,8,24,0.67
JLh,1,5,6,0.17
JLj,3,1,4,0.75
JLl,11,4,15,0.73
JLm,9,8,17,0.53
JLn,8,16,24,0.33
JLs,5,7,12,0.42
JLt,2,0,2,1.0
JMB,14,21,35,0.4
JMD,3,2,5,0.6
JML,15,17,32,0.47
JMM,19,19,38,0.5
JMN,15,24,39,0.38
JMP,30,26,56,0.54
JMS,20,17,37,0.54
JMb,18,17,35,0.51
JMh,18,13,31,0.58
JMj,7,3,10,0.7
JMl,10,12,22,0.45
JMm,30,19,49,0.61
JMn,44,31,75,0.59
JMs,16,12,28,0.57
JMt,4,4,8,0.5
JNB,13,18,31,0.42
JND,1,2,3,0.33
JNH,3,6,9,0.33
JNK,2,3,5,0.4
JNL,11,10,21,0.52
JNM,21,30,51,0.41
JNN,32,22,54,0.59
JNP,34,42,76,0.45
JNS,12,11,23,0.52
JNb,24,21,45,0.53
JNh,13,7,20,0.65
JNl,17,11,28,0.61
JNm,16,15,31,0.52
JNn,34,29,63,0.54
JNs,13,12,25,0.52
JNt,6,4,10,0.6
JPB,35,30,65,0.54
JPD,2,0,2,1.0
JPH,11,8,19,0.58
JPI,1,1,2,0.5
JPK,3,2,5,0.6
JPL,12,18,30,0.4
JPM,27,33,60,0.45
JPN,38,31,69,0.55
JPP,58,58,116,0.5
JPS,25,25,50,0.5
JPb,37,35,72,0.51
JPh,3,3,6,0.5
JPl,15,21,36,0.42
JPm,26,21,47,0.55
JPn,23,28,51,0.45
JPs,20,18,38,0.53
JPt,3,1,4,0.75
JSB,8,9,17,0.47
JSD,3,2,5,0.6
JSH,4,6,10,0.4
JSK,1,1,2,0.5
JSL,9,4,13,0.69
JSM,18,22,40,0.45
JSN,10,19,29,0.34
JSP,20,19,39,0.51
JSS,13,8,21,0.62
JSb,14,9,23,0.61
JSh,6,3,9,0.67
JSl,8,7,15,0.53
JSm,16,6,22,0.73
JSn,14,21,35,0.4
JSs,17,18,35,0.49
JSt,3,1,4,0.75
JbB,26,30,56,0.46
JbD,0,0,0,
JbH,6,2,8,0.75
JbI,2,1,3,0.67
JbJ,4,9,13,0.31
JbK,1,3,4,0.25
JbL,16,15,31,0.52
JbM,25,26,51,0.49
JbN,36,29,65,0.55
JbP,32,31,63,0.51
JbS,11,8,19,0.58
Jbb,30,27,57,0.53
Jbl,16,5,21,0.76
Jbm,28,16,44,0.64
Jbn,25,18,43,0.58
Jbs,12,3,15,0.8
JhB,1,4,5,0.2
JhD,0,2,2,0.0
JhH,2,0,2,1.0
JhI,1,0,1,1.0
JhL,2,1,3,0.67
JhM,3,4,7,0.43
JhN,2,2,4,0.5
JhP,5,2,7,0.71
JhS,1,3,4,0.25
Jhb,5,2,7,0.71
Jhh,2,2,4,0.5
Jhl,1,0,1,1.0
Jhm,3,0,3,1.0
Jhn,0,6,6,0.0
Jhs,1,4,5,0.2
Jht,0,1,1,0.0
JlB,14,10,24,0.58
JlD,1,1,2,0.5
JlH,5,8,13,0.38
JlJ,4,2,6,0.67
JlL,7,8,15,0.47
JlM,13,12,25,0.52
JlN,4,13,17,0.24
JlP,10,12,22,0.45
JlS,5,10,15,0.33
Jlb,16,14,30,0.53
Jll,10,2,12,0.83
Jlm,8,5,13,0.62
Jln,15,4,19,0.79
Jls,4,3,7,0.57
JmB,18,15,33,0.55
JmD,2,2,4,0.5
JmH,10,13,23,0.43
JmI,0,1,1,0.0
JmJ,6,2,8,0.75
JmK,1,0,1,1.0
JmL,11,11,22,0.5
JmM,15,18,33,0.45
JmN,16,12,28,0.57
JmP,32,13,45,0.71
JmS,11,9,20,0.55
Jmb,19,16,35,0.54
Jmh,0,1,1,0.0
Jml,6,4,10,0.6
Jmm,14,9,23,0.61
Jmn,19,8,27,0.7
Jms,12,4,16,0.75
JnB,16,16,32,0.5
JnD,3,3,6,0.5
JnH,5,17,22,0.23
JnI,1,2,3,0.33
JnK,1,1,2,0.5
JnL,11,7,18,0.61
JnM,19,26,45,0.42
JnN,27,20,47,0.57
JnP,25,31,56,0.45
JnS,15,13,28,0.54
Jnb,18,16,34,0.53
Jnl,6,9,15,0.4
Jnm,16,15,31,0.52
Jnn,17,22,39,0.44
Jns,16,14,30,0.53
JsB,14,9,23,0.61
JsD,4,2,6,0.67
JsH,5,16,21,0.24
JsI,0,3,3,0.0
JsK,0,1,1,0.0
JsL,5,6,11,0.45
JsM,14,14,28,0.5
JsN,12,11,23,0.52
JsP,29,15,44,0.66
JsS,12,16,28,0.43
Jsb,14,11,25,0.56
Jsh,2,2,4,0.5
Jsl,6,7,13,0.46
Jsm,12,13,25,0.48
Jsn,15,13,28,0.54
Jss,7,10,17,0.41
JtB,2,1,3,0.67
JtH,1,0,1,1.0
JtL,1,2,3,0.33
JtM,3,3,6,0.5
JtN,10,1,11,0.91
JtP,1,3,4,0.25
JtS,2,4,6,0.33
Jtl,1,2,3,0.33
Jtm,2,0,2,1.0
Jtn,1,3,4,0.25
Jts,2,1,3,0.67
Jtt,0,1,1,0.0
KBB,12,7,19,0.63
KBD,2,0,2,1.0
KBK,2,2,4,0.5
KBL,10,8,18,0.56
KBM,15,21,36,0.42
KBN,13,15,28,0.46
KBP,14,20,34,0.41
KBS,6,11,17,0.35
KBb,25,17,42,0.6
KBh,2,1,3,0.67
KBj,5,4,9,0.56
KBl,10,11,21,0.48
KBm,16,12,28,0.57
KBn,18,19,37,0.49
KBs,14,11,25,0.56
KBt,2,3,5,0.4
KDB,0,4,4,0.0
KDD,0,1,1,0.0
KDH,2,2,4,0.5
KDM,0,1,1,0.0
KDN,1,3,4,0.25
KDP,2,0,2,1.0
KDS,1,0,1,1.0
KDb,1,1,2,0.5
KDl,3,1,4,0.75
KDm,0,2,2,0.0
KDn,1,0,1,1.0
KDs,2,0,2,1.0
KHB,3,3,6,0.5
KHD,1,1,2,0.5
KHH,0,1,1,0.0
KHI,2,0,2,1.0
KHK,1,1,2,0.5
KHL,2,0,2,1.0
KHM,1,2,3,0.33
KHN,2,4,6,0.33
KHP,5,5,10,0.5
KHS,4,1,5,0.8
KHb,5,1,6,0.83
KHl,0,0,0,
KHm,1,2,3,0.33
KHn,5,4,9,0.56
KHs,5,3,8,0.62
KIB,2,0,2,1.0
KIH,1,2,3,0.33
KIL,1,0,1,1.0
KIM,2,1,3,0.67
KIN,2,1,3,0.67
KIP,3,1,4,0.75
KIS,1,1,2,0.5
KIb,2,2,4,0.5
KIl,0,1,1,0.0
KIm,1,0,1,1.0
KIn,0,5,5,0.0
KIs,0,1,1,0.0
KKB,1,0,1,1.0
KKM,1,1,2,0.5
KKN,2,0,2,1.0
KKS,1,0,1,1.0
KKb,0,2,2,0.0
KKh,1,1,2,0.5
KKl,0,1,1,0.0
KKn,0,2,2,0.0
KKs,1,2,3,0.33
KLB,9,7,16,0.56
KLL,11,9,20,0.55
KLM,11,15,26,0.42
KLN,6,5,11,0.55
KLP,17,10,27,0.63
KLS,7,8,15,0.47
KLb,13,8,21,0.62
KLh,5,4,9,0.56
KLj,2,3,5,0.4
KLl,10,7,17,0.59
KLm,9,9,18,0.5
KLn,10,10,20,0.5
KLs,9,12,21,0.43
KLt,1,0,1,1.0
KMB,23,18,41,0.56
KMD,3,3,6,0.5
KMK,0,1,1,0.0
KML,12,6,18,0.67
KMM,21,24,45,0.47
KMN,21,11,32,0.66
KMP,36,23,59,0.61
KMS,15,16,31,0.48
KMb,25,29,54,0.46
KMh,19,24,43,0.44
KMj,3,6,9,0.33
KMl,14,13,27,0.52
KMm,22,16,38,0.58
KMn,25,35,60,0.42
KMs,12,17,29,0.41
KMt,4,4,8,0.5
KNB,11,11,22,0.5
KND,0,1,1,0.0
KNH,0,2,2,0.0
KNK,1,2,3,0.33
KNL,8,7,15,0.53
KNM,11,21,32,0.34
KNN,17,13,30,0.57
KNP,25,35,60,0.42
KNS,12,17,29,0.41
KNb,17,22,39,0.44
KNh,7,5,12,0.58
KNl,10,13,23,0.43
KNm,14,13,27,0.52
KNn,23,20,43,0.53
KNs,14,11,25,0.56
KNt,1,3,4,0.25
KPB,37,24,61,0.61
KPD,1,2,3,0.33
KPH,4,7,11,0.36
KPI,2,0,2,1.0
KPK,4,3,7,0.57
KPL,19,19,38,0.5
KPM,37,32,69,0.54
KPN,25,32,57,0.44
KPP,59,54,113,0.52
KPS,19,23,42,0.45
KPb,39,39,78,0.5
KPh,5,5,10,0.5
KPl,19,10,29,0.66
KPm,27,23,50,0.54
KPn,26,17,43,0.6
KPs,22,20,42,0.52
KPt,5,5,10,0.5
KSB,11,7,18,0.61
KSD,1,2,3,0.33
KSH,5,6,11,0.45
KSK,1,0,1,1.0
KSL,7,10,17,0.41
KSM,12,21,33,0.36
KSN,5,11,16,0.31
KSP,23,22,45,0.51
KSS,13,17,30,0.43
KSb,19,17,36,0.53
KSh,12,8,20,0.6
KSl,8,9,17,0.47
KSm,11,14,25,0.44
KSn,22,22,44,0.5
KSs,13,21,34,0.38
KSt,4,2,6,0.67
KbB,16,19,35,0.46
KbD,1,1,2,0.5
KbH,5,10,15,0.33
KbI,2,0,2,1.0
KbJ,4,6,10,0.4
KbK,2,1,3,0.67
KbL,7,11,18,0.39
KbM,20,31,51,0.39
KbN,30,24,54,0.56
KbP,34,26,60,0.57
KbS,15,17,32,0.47
Kbb,30,21,51,0.59
Kbl,13,13,26,0.5
Kbm,13,12,25,0.52
Kbn,18,19,37,0.49
Kbs,12,8,20,0.6
KhB,14,16,30,0.47
KhD,1,0,1,1.0
KhH,6,3,9,0.67
KhI,1,0,1,1.0
KhK,1,1,2,0.5
KhL,12,10,22,0.55
KhM,22,17,39,0.56
KhN,13,12,25,0.52
KhP,19,36,55,0.35
KhS,10,16,26,0.38
Khb,22,30,52,0.42
Khh,16,13,29,0.55
Khl,16,20,36,0.44
Khm,20,9,29,0.69
Khn,14,15,29,0.48
Khs,13,10,23,0.57
Kht,1,2,3,0.33
KlB,9,8,17,0.53
KlD,4,1,5,0.8
KlH,8,8,16,0.5
KlI,3,1,4,0.75
KlJ,3,5,8,0.38
KlK,0,1,1,0.0
KlL,10,8,18,0.56
KlM,17,23,40,0.42
KlN,22,13,35,0.63
KlP,21,20,41,0.51
KlS,7,12,19,0.37
Klb,14,14,28,0.5
Kll,8,3,11,0.73
Klm,15,7,22,0.68
Kln,12,11,23,0.52
Kls,9,13,22,0.41
KmB,16,13,29,0.55
KmD,1,2,3,0.33
KmH,13,16,29,0.45
KmI,0,2,2,0.0
KmJ,7,0,7,1.0
KmL,8,9,17,0.47
KmM,25,27,52,0.48
KmN,24,16,40,0.6
KmP,30,23,53,0.57
KmS,13,11,24,0.54
Kmb,25,31,56,0.45
Kml,12,7,19,0.63
Kmm,23,19,42,0.55
Kmn,13,14,27,0.48
Kms,18,12,30,0.6
KnB,18,10,28,0.64
KnD,1,2,3,0.33
KnH,15,19,34,0.44
KnI,4,4,8,0.5
KnK,2,4,6,0.33
KnL,15,12,27,0.56
KnM,27,21,48,0.56
KnN,26,31,57,0.46
KnP,39,34,73,0.53
KnS,25,22,47,0.53
Knb,28,27,55,0.51
Knh,0,1,1,0.0
Knl,15,7,22,0.68
Knm,19,20,39,0.49
Knn,25,18,43,0.58
Kns,16,24,40,0.4
KsB,9,14,23,0.39
KsD,3,1,4,0.75
KsH,12,17,29,0.41
KsI,3,2,5,0.6
KsK,2,2,4,0.5
KsL,10,7,17,0.59
KsM,12,21,33,0.36
KsN,15,20,35,0.43
KsP,31,27,58,0.53
KsS,21,13,34,0.62
Ksb,19,14,33,0.58
Ksh,2,0,2,1.0
Ksl,9,13,22,0.41
Ksm,17,8,25,0.68
Ksn,19,7,26,0.73
Kss,15,13,28,0.54
KtB,1,1,2,0.5
KtH,2,0,2,1.0
KtL,2,2,4,0.5
KtM,0,6,6,0.0
KtN,3,3,6,0.5
KtP,3,4,7,0.43
KtS,0,1,1,0.0
Ktb,3,1,4,0.75
Ktl,1,1,2,0.5
Ktm,2,2,4,0.5
Ktn,2,1,3,0.67
Kts,1,4,5,0.2
Ktt,0,0,0,
LBB,124,118,242,0.51
LBD,4,8,12,0.33
LBH,1,1,2,0.5
LBK,9,5,14,0.64
LBL,32,56,88,0.36
LBM,105,110,215,0.49
LBN,130,144,274,0.47
LBP,179,199,378,0.47
LBS,44,55,99,0.44
LBb,173,134,307,0.56
LBh,10,27,37,0.27
LBj,43,48,91,0.47
LBl,69,59,128,0.54
LBm,107,96,203,0.53
LBn,160,164,324,0.49
LBs,61,57,118,0.52
LBt,19,22,41,0.46
LDB,11,4,15,0.73
LDD,0,0,0,
LDH,10,18,28,0.36
LDI,1,0,1,1.0
LDL,8,2,10,0.8
LDM,7,5,12,0.58
LDN,3,7,10,0.3
LDP,15,10,25,0.6
LDS,5,8,13,0.38
LDb,1,8,9,0.11
LDh,1,0,1,1.0
LDl,5,3,8,0.62
LDm,11,10,21,0.52
LDn,4,6,10,0.4
LDs,4,3,7,0.57
LDt,1,1,2,0.5
LHB,3,1,4,0.75
LHK,2,0,2,1.0
LHL,1,0,1,1.0
LHM,2,4,6,0.33
LHN,1,3,4,0.25
LHP,6,4,10,0.6
LHS,1,3,4,0.25
LHb,2,0,2,1.0
LHl,1,0,1,1.0
LHm,6,4,10,0.6
LHn,1,2,3,0.33
LHs,3,3,6,0.5
LIB,0,1,1,0.0
LID,0,0,0,
LKB,4,12,16,0.25
LKD,1,0,1,1.0
LKH,0,2,2,0.0
LKI,0,1,1,0.0
LKL,7,5,12,0.58
LKM,7,7,14,0.5
LKN,3,5,8,0.38
LKP,8,8,16,0.5
LKS,4,12,16,0.25
LKb,8,8,16,0.5
LKh,9,4,13,0.69
LKl,5,7,12,0.42
LKm,10,8,18,0.56
LKn,11,11,22,0.5
LKs,9,5,14,0.64
LKt,0,1,1,0.0
LLB,51,62,113,0.45
LLD,2,3,5,0.4
LLH,2,1,3,0.67
LLK,2,2,4,0.5
LLL,15,23,38,0.39
LLM,62,53,115,0.54
LLN,59,41,100,0.59
LLP,82,65,147,0.56
LLS,43,45,88,0.49
LLb,64,65,129,0.5
LLh,15,30,45,0.33
LLj,29,18,47,0.62
LLl,28,36,64,0.44
LLm,62,57,119,0.52
LLn,89,63,152,0.59
LLs,37,39,76,0.49
LLt,14,11,25,0.56
LMB,153,117,270,0.57
LMD,9,9,18,0.5
LMK,0,1,1,0.0
LML,57,55,112,0.51
LMM,134,134,268,0.5
LMN,139,149,288,0.48
LMP,188,195,383,0.49
LMS,69,70,139,0.5
LMb,179,172,351,0.51
LMh,106,138,244,0.43
LMj,36,46,82,0.44
LMl,65,67,132,0.49
LMm,121,103,224,0.54
LMn,233,196,429,0.54
LMs,86,85,171,0.5
LMt,18,22,40,0.45
LNB,135,107,242,0.56
LND,17,9,26,0.65
LNH,20,20,40,0.5
LNI,1,0,1,1.0
LNK,2,11,13,0.15
LNL,50,48,98,0.51
LNM,109,135,244,0.45
LNN,162,178,340,0.48
LNP,212,223,435,0.49
LNS,98,105,203,0.48
LNb,154,126,280,0.55
LNh,63,58,121,0.52
LNl,72,56,128,0.56
LNm,135,102,237,0.57
LNn,190,182,372,0.51
LNs,85,82,167,0.51
LNt,35,31,66,0.53
LPB,152,145,297,0.51
LPD,10,12,22,0.45
LPH,59,53,112,0.53
LPI,10,9,19,0.53
LPK,14,21,35,0.4
LPL,102,108,210,0.49
LPM,189,197,386,0.49
LPN,204,222,426,0.48
LPP,347,335,682,0.51
LPS,140,154,294,0.48
LPb,225,184,409,0.55
LPh,15,17,32,0.47
LPl,116,114,230,0.5
LPm,194,146,340,0.57
LPn,189,185,374,0.51
LPs,141,129,270,0.52
LPt,25,21,46,0.54
LSB,70,62,132,0.53
LSD,5,4,9,0.56
LSH,21,29,50,0.42
LSI,0,0,0,
LSK,6,4,10,0.6
LSL,35,49,84,0.42
LSM,99,102,201,0.49
LSN,90,81,171,0.53
LSP,143,145,288,0.5
LSS,95,100,195,0.49
LSb,93,86,179,0.52
LSh,73,77,150,0.49
LSl,76,49,125,0.61
LSm,99,77,176,0.56
LSn,98,100,198,0.49
LSs,103,87,190,0.54
LSt,7,15,22,0.32
LbB,128,126,254,0.5
LbD,9,16,25,0.36
LbH,47,51,98,0.48
LbI,14,19,33,0.42
LbJ,42,44,86,0.49
LbK,17,17,34,0.5
LbL,62,58,120,0.52
LbM,132,150,282,0.47
LbN,204,201,405,0.5
LbP,243,208,451,0.54
LbS,94,101,195,0.48
Lbb,175,161,336,0.52
Lbl,95,50,145,0.66
Lbm,111,91,202,0.55
Lbn,183,161,344,0.53
Lbs,110,70,180,0.61
LhB,51,57,108,0.47
LhD,3,5,8,0.38
LhH,11,15,26,0.42
LhI,1,2,3,0.33
LhK,1,1,2,0.5
LhL,28,31,59,0.47
LhM,74,58,132,0.56
LhN,68,60,128,0.53
LhP,88,101,189,0.47
LhS,45,46,91,0.49
Lhb,81,73,154,0.53
Lhh,62,60,122,0.51
Lhl,37,26,63,0.59
Lhm,67,44,111,0.6
Lhn,91,79,170,0.54
Lhs,58,54,112,0.52
Lht,6,10,16,0.38
LjB,34,36,70,0.49
LjD,0,0,0,
LjH,13,15,28,0.46
LjI,3,2,5,0.6
LjK,3,1,4,0.75
LjL,35,25,60,0.58
LjM,35,50,85,0.41
LjN,45,57,102,0.44
LjP,74,89,163,0.45
LjS,45,41,86,0.52
Ljb,52,57,109,0.48
Ljh,9,16,25,0.36
Ljl,25,23,48,0.52
Ljm,62,38,100,0.62
Ljn,53,51,104,0.51
Ljs,23,27,50,0.46
Ljt,5,6,11,0.45
LlB,65,49,114,0.57
LlD,6,5,11,0.55
LlH,64,56,120,0.53
LlI,11,2,13,0.85
LlJ,30,16,46,0.65
LlK,6,4,10,0.6
LlL,38,41,79,0.48
LlM,73,86,159,0.46
LlN,101,97,198,0.51
LlP,108,102,210,0.51
LlS,54,69,123,0.44
Llb,95,95,190,0.5
Lll,34,38,72,0.47
Llm,64,59,123,0.52
Lln,78,70,148,0.53
Lls,61,59,120,0.51
LmB,108,115,223,0.48
LmD,10,18,28,0.36
LmH,96,101,197,0.49
LmI,6,18,24,0.25
LmJ,28,20,48,0.58
LmK,1,2,3,0.33
LmL,63,41,104,0.61
LmM,119,128,247,0.48
LmN,127,147,274,0.46
LmP,178,168,346,0.51
LmS,98,110,208,0.47
Lmb,116,122,238,0.49
Lml,39,49,88,0.44
Lmm,93,70,163,0.57
Lmn,141,111,252,0.56
Lms,71,76,147,0.48
LnB,146,146,292,0.5
LnD,17,17,34,0.5
LnH,98,127,225,0.44
LnI,24,24,48,0.5
LnK,20,13,33,0.61
LnL,78,85,163,0.48
LnM,203,198,401,0.51
LnN,281,240,521,0.54
LnP,351,320,671,0.52
LnS,175,159,334,0.52
Lnb,184,196,380,0.48
Lnh,10,16,26,0.38
Lnl,98,103,201,0.49
Lnm,173,137,310,0.56
Lnn,276,230,506,0.55
Lns,149,143,292,0.51
Lnt,0,1,1,0.0
LsB,58,60,118,0.49
LsD,11,9,20,0.55
LsH,96,90,186,0.52
LsI,15,8,23,0.65
LsK,1,4,5,0.2
LsL,40,48,88,0.45
LsM,100,97,197,0.51
LsN,97,98,195,0.5
LsP,154,139,293,0.53
LsS,97,97,194,0.5
Lsb,83,90,173,0.48
Lsh,2,7,9,0.22
Lsl,49,51,100,0.49
Lsm,81,64,145,0.56
Lsn,81,94,175,0.46
Lss,75,70,145,0.52
LtB,23,19,42,0.55
LtD,0,2,2,0.0
LtH,19,15,34,0.56
LtI,0,2,2,0.0
LtK,2,1,3,0.67
LtL,12,9,21,0.57
LtM,35,27,62,0.56
LtN,28,29,57,0.49
LtP,39,45,84,0.46
LtS,16,20,36,0.44
Ltb,21,29,50,0.42
Lth,0,1,1,0.0
Ltl,13,16,29,0.45
Ltm,25,15,40,0.62
Ltn,44,25,69,0.64
Lts,12,18,30,0.4
Ltt,4,8,12,0.33
MBB,313,320,633,0.49
MBD,22,18,40,0.55
MBH,2,1,3,0.67
MBI,1,0,1,1.0
MBK,18,22,40,0.45
MBL,93,111,204,0.46
MBM,273,304,577,0.47
MBN,338,395,733,0.46
MBP,409,434,843,0.49
MBS,141,165,306,0.46
MBb,358,383,741,0.48
MBh,30,34,64,0.47
MBj,103,114,217,0.47
MBl,121,148,269,0.45
MBm,271,213,484,0.56
MBn,442,455,897,0.49
MBs,106,132,238,0.45
MBt,48,60,108,0.44
MDB,10,13,23,0.43
MDD,1,0,1,1.0
MDH,16,18,34,0.47
MDI,0,1,1,0.0
MDK,0,0,0,
MDL,4,5,9,0.44
MDM,9,26,35,0.26
MDN,23,18,41,0.56
MDP,39,29,68,0.57
MDS,25,22,47,0.53
MDb,20,25,45,0.44
MDh,2,0,2,1.0
MDl,7,12,19,0.37
MDm,23,22,45,0.51
MDn,22,22,44,0.5
MDs,20,11,31,0.65
MDt,2,1,3,0.67
MHB,2,3,5,0.4
MHH,1,0,1,1.0
MHL,0,2,2,0.0
MHM,5,1,6,0.83
MHN,1,1,2,0.5
MHP,2,5,7,0.29
MHS,0,2,2,0.0
MHb,1,0,1,1.0
MHl,0,2,2,0.0
MHm,4,2,6,0.67
MHn,2,1,3,0.67
MHs,1,1,2,0.5
MIB,0,1,1,0.0
MIM,1,1,2,0.5
MIN,1,0,1,1.0
MIP,1,0,1,1.0
MIS,1,0,1,1.0
MIn,1,0,1,1.0
MKB,0,0,0,
MKH,0,0,0,
MKL,0,1,1,0.0
MKM,2,5,7,0.29
MKN,0,4,4,0.0
MKP,4,4,8,0.5
MKS,1,4,5,0.2
MKb,2,0,2,1.0
MKh,2,7,9,0.22
MKl,2,0,2,1.0
MKm,2,4,6,0.33
MKn,2,6,8,0.25
MKs,2,1,3,0.67
MLB,108,127,235,0.46
MLD,14,9,23,0.61
MLH,1,2,3,0.33
MLK,11,3,14,0.79
MLL,42,42,84,0.5
MLM,127,148,275,0.46
MLN,145,146,291,0.5
MLP,173,179,352,0.49
MLS,83,73,156,0.53
MLb,152,134,286,0.53
MLh,59,68,127,0.46
MLj,43,45,88,0.49
MLl,61,55,116,0.53
MLm,111,102,213,0.52
MLn,196,196,392,0.5
MLs,74,73,147,0.5
MLt,18,23,41,0.44
MMB,309,316,625,0.49
MMD,20,20,40,0.5
MMH,1,3,4,0.25
MMK,2,1,3,0.67
MML,106,108,214,0.5
MMM,326,366,692,0.47
MMN,341,396,737,0.46
MMP,472,475,947,0.5
MMS,177,207,384,0.46
MMb,444,434,878,0.51
MMh,263,298,561,0.47
MMj,97,103,200,0.48
MMl,150,145,295,0.51
MMm,286,278,564,0.51
MMn,550,560,1110,0.5
MMs,213,187,400,0.53
MMt,49,59,108,0.45
MNB,243,258,501,0.49
MND,30,22,52,0.58
MNH,62,45,107,0.58
MNI,3,1,4,0.75
MNK,29,29,58,0.5
MNL,111,115,226,0.49
MNM,296,384,680,0.44
MNN,443,461,904,0.49
MNP,644,676,1320,0.49
MNS,238,251,489,0.49
MNb,354,358,712,0.5
MNh,122,142,264,0.46
MNl,152,150,302,0.5
MNm,298,243,541,0.55
MNn,589,567,1156,0.51
MNs,218,212,430,0.51
MNt,75,88,163,0.46
MPB,415,344,759,0.55
MPD,29,23,52,0.56
MPH,137,162,299,0.46
MPI,29,39,68,0.43
MPK,41,54,95,0.43
MPL,168,207,375,0.45
MPM,466,517,983,0.47
MPN,508,635,1143,0.44
MPP,757,811,1568,0.48
MPS,337,360,697,0.48
MPb,502,514,1016,0.49
MPh,52,57,109,0.48
MPl,261,250,511,0.51
MPm,464,378,842,0.55
MPn,541,564,1105,0.49
MPs,318,298,616,0.52
MPt,49,48,97,0.51
MSB,146,157,303,0.48
MSD,15,11,26,0.58
MSH,73,99,172,0.42
MSI,0,2,2,0.0
MSK,6,8,14,0.43
MSL,60,83,143,0.42
MSM,220,230,450,0.49
MSN,219,215,434,0.5
MSP,332,300,632,0.53
MSS,203,224,427,0.48
MSb,222,218,440,0.5
MSh,132,171,303,0.44
MSl,95,100,195,0.49
MSm,208,186,394,0.53
MSn,310,299,609,0.51
MSs,199,194,393,0.51
MSt,38,44,82,0.46
MbB,314,304,618,0.51
MbD,26,25,51,0.51
MbH,136,154,290,0.47
MbI,41,37,78,0.53
MbJ,126,104,230,0.55
MbK,42,53,95,0.44
MbL,134,112,246,0.54
MbM,382,461,843,0.45
MbN,624,596,1220,0.51
MbP,567,566,1133,0.5
MbS,241,260,501,0.48
Mbb,494,434,928,0.53
Mbh,0,0,0,
Mbl,153,160,313,0.49
Mbm,340,257,597,0.57
Mbn,518,524,1042,0.5
Mbs,246,194,440,0.56
MhB,205,206,411,0.5
MhD,20,22,42,0.48
MhH,64,65,129,0.5
MhI,15,9,24,0.62
MhK,5,8,13,0.38
MhL,103,96,199,0.52
MhM,325,308,633,0.51
MhN,297,297,594,0.5
MhP,433,487,920,0.47
MhS,265,225,490,0.54
Mhb,297,277,574,0.52
Mhh,253,273,526,0.48
Mhl,190,161,351,0.54
Mhm,246,228,474,0.52
Mhn,385,350,735,0.52
Mhs,244,228,472,0.52
Mht,36,34,70,0.51
MjB,88,80,168,0.52
MjD,6,9,15,0.4
MjH,36,45,81,0.44
MjI,4,6,10,0.4
MjK,15,11,26,0.58
MjL,32,48,80,0.4
MjM,111,101,212,0.52
MjN,120,115,235,0.51
MjP,161,166,327,0.49
MjS,79,75,154,0.51
Mjb,142,95,237,0.6
Mjh,16,19,35,0.46
Mjl,60,53,113,0.53
Mjm,87,78,165,0.53
Mjn,124,110,234,0.53
Mjs,64,70,134,0.48
Mjt,23,15,38,0.61
MlB,120,132,252,0.48
MlD,16,8,24,0.67
MlH,134,143,277,0.48
MlI,14,13,27,0.52
MlJ,52,36,88,0.59
MlK,8,10,18,0.44
MlL,70,64,134,0.52
MlM,176,198,374,0.47
MlN,226,243,469,0.48
MlP,232,223,455,0.51
MlS,124,152,276,0.45
Mlb,184,167,351,0.52
Mll,75,74,149,0.5
Mlm,133,120,253,0.53
Mln,198,177,375,0.53
Mls,101,97,198,0.51
MmB,220,250,470,0.47
MmD,42,31,73,0.58
MmH,258,283,541,0.48
MmI,22,31,53,0.42
MmJ,65,63,128,0.51
MmK,7,8,15,0.47
MmL,99,119,218,0.45
MmM,310,343,653,0.47
MmN,415,391,806,0.51
MmP,446,436,882,0.51
MmS,230,223,453,0.51
Mmb,298,279,577,0.52
Mmh,0,1,1,0.0
Mml,93,80,173,0.54
Mmm,228,215,443,0.51
Mmn,351,358,709,0.5
Mms,172,159,331,0.52
MnB,355,379,734,0.48
MnD,42,37,79,0.53
MnH,286,312,598,0.48
MnI,70,65,135,0.52
MnK,36,63,99,0.36
MnL,158,171,329,0.48
MnM,530,539,1069,0.5
MnN,801,826,1627,0.49
MnP,889,924,1813,0.49
MnS,413,459,872,0.47
Mnb,543,530,1073,0.51
Mnh,20,26,46,0.43
Mnl,239,182,421,0.57
Mnm,476,369,845,0.56
Mnn,714,680,1394,0.51
Mns,360,353,713,0.5
Mnt,1,0,1,1.0
MsB,132,136,268,0.49
MsD,19,18,37,0.51
MsH,222,254,476,0.47
MsI,23,15,38,0.61
MsK,10,5,15,0.67
MsL,71,71,142,0.5
MsM,215,211,426,0.5
MsN,270,256,526,0.51
MsP,336,363,699,0.48
MsS,231,257,488,0.47
Msb,212,199,411,0.52
Msh,9,5,14,0.64
Msl,110,102,212,0.52
Msm,201,166,367,0.55
Msn,229,225,454,0.5
Mss,189,179,368,0.51
Mst,3,1,4,0.75
MtB,41,36,77,0.53
MtD,6,3,9,0.67
MtH,31,44,75,0.41
MtI,1,1,2,0.5
MtK,6,4,10,0.6
MtL,34,16,50,0.68
MtM,61,80,141,0.43
MtN,81,64,145,0.56
MtP,105,112,217,0.48
MtS,44,54,98,0.45
Mtb,74,63,137,0.54
Mth,2,0,2,1.0
Mtl,13,24,37,0.35
Mtm,60,40,100,0.6
Mtn,85,93,178,0.48
Mts,26,27,53,0.49
Mtt,11,20,31,0.35
NBB,265,279,544,0.49
NBD,17,16,33,0.52
NBH,6,1,7,0.86
NBK,21,21,42,0.5
NBL,108,125,233,0.46
NBM,262,315,577,0.45
NBN,379,392,771,0.49
NBP,429,438,867,0.49
NBS,162,182,344,0.47
NBb,315,314,629,0.5
NBh,43,43,86,0.5
NBj,108,108,216,0.5
NBl,138,140,278,0.5
NBm,264,240,504,0.52
NBn,429,478,907,0.47
NBs,153,155,308,0.5
NBt,75,58,133,0.56
NDB,25,23,48,0.52
NDD,4,3,7,0.57
NDH,26,45,71,0.37
NDI,3,2,5,0.6
NDK,3,1,4,0.75
NDL,11,10,21,0.52
NDM,22,36,58,0.38
NDN,44,33,77,0.57
NDP,42,42,84,0.5
NDS,33,30,63,0.52
NDb,24,21,45,0.53
NDh,0,0,0,
NDl,17,14,31,0.55
NDm,28,21,49,0.57
NDn,30,35,65,0.46
NDs,20,21,41,0.49
NDt,2,1,3,0.67
NHB,50,49,99,0.51
NHD,4,4,8,0.5
NHH,13,20,33,0.39
NHI,7,6,13,0.54
NHK,8,10,18,0.44
NHL,34,21,55,0.62
NHM,72,67,139,0.52
NHN,82,86,168,0.49
NHP,100,103,203,0.49
NHS,42,54,96,0.44
NHb,56,54,110,0.51
NHh,13,19,32,0.41
NHl,30,27,57,0.53
NHm,62,48,110,0.56
NHn,83,88,171,0.49
NHs,51,47,98,0.52
NHt,6,2,8,0.75
NIB,1,1,2,0.5
NID,0,1,1,0.0
NIH,0,2,2,0.0
NIL,1,1,2,0.5
NIM,4,3,7,0.57
NIN,0,2,2,0.0
NIP,4,4,8,0.5
NIS,3,1,4,0.75
NIb,2,0,2,1.0
NIm,1,1,2,0.5
NIn,0,1,1,0.0
NIs,1,0,1,1.0
NKB,22,21,43,0.51
NKD,2,0,2,1.0
NKH,5,7,12,0.42
NKI,3,2,5,0.6
NKL,12,14,26,0.46
NKM,32,39,71,0.45
NKN,30,29,59,0.51
NKP,50,50,100,0.5
NKS,24,22,46,0.52
NKb,20,25,45,0.44
NKh,26,16,42,0.62
NKl,26,23,49,0.53
NKm,31,24,55,0.56
NKn,36,35,71,0.51
NKs,28,23,51,0.55
NKt,4,4,8,0.5
NLB,125,154,279,0.45
NLD,4,5,9,0.44
NLH,1,3,4,0.25
NLK,16,8,24,0.67
NLL,65,68,133,0.49
NLM,119,146,265,0.45
NLN,170,168,338,0.5
NLP,205,240,445,0.46
NLS,92,99,191,0.48
NLb,152,161,313,0.49
NLh,75,69,144,0.52
NLj,38,58,96,0.4
NLl,80,80,160,0.5
NLm,134,105,239,0.56
NLn,220,243,463,0.48
NLs,85,84,169,0.5
NLt,23,28,51,0.45
NMB,332,336,668,0.5
NMD,23,23,46,0.5
NMH,0,1,1,0.0
NMK,1,2,3,0.33
NML,146,133,279,0.52
NMM,345,390,735,0.47
NMN,399,437,836,0.48
NMP,524,545,1069,0.49
NMS,205,246,451,0.45
NMb,445,448,893,0.5
NMh,308,324,632,0.49
NMj,111,113,224,0.5
NMl,187,141,328,0.57
NMm,360,341,701,0.51
NMn,666,644,1310,0.51
NMs,238,223,461,0.52
NMt,69,68,137,0.5
NNB,329,375,704,0.47
NND,42,27,69,0.61
NNH,74,70,144,0.51
NNI,1,2,3,0.33
NNK,33,38,71,0.46
NNL,185,176,361,0.51
NNM,458,462,920,0.5
NNN,627,625,1252,0.5
NNP,772,895,1667,0.46
NNS,345,372,717,0.48
NNb,478,429,907,0.53
NNh,210,229,439,0.48
NNl,191,219,410,0.47
NNm,418,318,736,0.57
NNn,766,754,1520,0.5
NNs,361,349,710,0.51
NNt,121,95,216,0.56
NPB,500,476,976,0.51
NPD,39,33,72,0.54
NPH,213,205,418,0.51
NPI,54,50,104,0.52
NPK,64,78,142,0.45
NPL,290,313,603,0.48
NPM,666,766,1432,0.47
NPN,769,833,1602,0.48
NPP,1110,1129,2239,0.5
NPS,561,565,1126,0.5
NPb,707,715,1422,0.5
NPh,81,105,186,0.44
NPl,396,368,764,0.52
NPm,630,548,1178,0.53
NPn,807,805,1612,0.5
NPs,527,485,1012,0.52
NPt,88,84,172,0.51
NSB,201,195,396,0.51
NSD,29,23,52,0.56
NSH,93,107,200,0.46
NSI,3,1,4,0.75
NSK,10,4,14,0.71
NSL,109,121,230,0.47
NSM,286,312,598,0.48
NSN,299,304,603,0.5
NSP,437,476,913,0.48
NSS,268,258,526,0.51
NSb,280,276,556,0.5
NSh,223,233,456,0.49
NSl,127,122,249,0.51
NSm,301,223,524,0.57
NSn,427,352,779,0.55
NSs,301,319,620,0.49
NSt,52,56,108,0.48
NbB,310,342,652,0.48
NbD,35,30,65,0.54
NbH,123,126,249,0.49
NbI,31,28,59,0.53
NbJ,126,95,221,0.57
NbK,35,47,82,0.43
NbL,167,142,309,0.54
NbM,398,458,856,0.46
NbN,593,558,1151,0.52
NbP,628,564,1192,0.53
NbS,264,255,519,0.51
Nbb,467,391,858,0.54
Nbh,0,3,3,0.0
Nbl,170,166,336,0.51
Nbm,310,271,581,0.53
Nbn,459,422,881,0.52
Nbs,230,212,442,0.52
Nbt,1,1,2,0.5
NhB,102,111,213,0.48
NhD,7,6,13,0.54
NhH,28,32,60,0.47
NhI,11,5,16,0.69
NhK,1,3,4,0.25
NhL,56,53,109,0.51
NhM,159,159,318,0.5
NhN,143,153,296,0.48
NhP,241,227,468,0.51
NhS,135,128,263,0.51
Nhb,153,169,322,0.48
Nhh,117,143,260,0.45
Nhl,101,64,165,0.61
Nhm,161,101,262,0.61
Nhn,207,221,428,0.48
Nhs,146,122,268,0.54
Nht,23,18,41,0.56
NlB,156,139,295,0.53
NlD,17,19,36,0.47
NlH,142,128,270,0.53
NlI,18,23,41,0.44
NlJ,43,63,106,0.41
NlK,14,14,28,0.5
NlL,71,75,146,0.49
NlM,186,211,397,0.47
NlN,240,256,496,0.48
NlP,297,270,567,0.52
NlS,140,165,305,0.46
Nlb,203,178,381,0.53
Nll,97,81,178,0.54
Nlm,147,121,268,0.55
Nln,196,205,401,0.49
Nls,102,119,221,0.46
NmB,266,259,525,0.51
NmD,38,29,67,0.57
NmH,274,305,579,0.47
NmI,30,40,70,0.43
NmJ,87,74,161,0.54
NmK,3,3,6,0.5
NmL,124,121,245,0.51
NmM,316,379,695,0.45
NmN,486,444,930,0.52
NmP,494,443,937,0.53
NmS,230,231,461,0.5
Nmb,327,307,634,0.52
Nmh,0,3,3,0.0
Nml,113,96,209,0.54
Nmm,260,220,480,0.54
Nmn,394,374,768,0.51
Nms,173,144,317,0.55
NnB,423,373,796,0.53
NnD,58,44,102,0.57
NnH,326,350,676,0.48
NnI,77,70,147,0.52
NnK,36,65,101,0.36
NnL,234,238,472,0.5
NnM,571,603,1174,0.49
NnN,930,842,1772,0.52
NnP,961,1021,1982,0.48
NnS,507,467,974,0.52
Nnb,577,546,1123,0.51
Nnh,21,23,44,0.48
Nnl,252,237,489,0.52
Nnm,510,406,916,0.56
Nnn,751,753,1504,0.5
Nns,462,397,859,0.54
Nnt,3,2,5,0.6
NsB,165,136,301,0.55
NsD,36,29,65,0.55
NsH,246,307,553,0.44
NsI,41,30,71,0.58
NsK,7,13,20,0.35
NsL,89,143,232,0.38
NsM,258,299,557,0.46
NsN,334,319,653,0.51
NsP,414,447,861,0.48
NsS,301,290,591,0.51
Nsb,270,227,497,0.54
Nsh,13,9,22,0.59
Nsl,125,140,265,0.47
Nsm,258,225,483,0.53
Nsn,312,298,610,0.51
Nss,245,255,500,0.49
Nst,4,1,5,0.8
NtB,69,52,121,0.57
NtD,4,11,15,0.27
NtH,41,48,89,0.46
NtI,1,1,2,0.5
NtK,9,4,13,0.69
NtL,31,38,69,0.45
NtM,95,91,186,0.51
NtN,128,89,217,0.59
NtP,132,166,298,0.44
NtS,66,86,152,0.43
Ntb,89,92,181,0.49
Nth,1,4,5,0.2
Ntl,37,33,70,0.53
Ntm,70,59,129,0.54
Ntn,108,96,204,0.53
Nts,53,47,100,0.53
Ntt,17,19,36,0.47
PBB,407,444,851,0.48
PBD,20,30,50,0.4
PBH,4,3,7,0.57
PBI,1,0,1,1.0
PBK,18,33,51,0.35
PBL,180,202,382,0.47
PBM,402,451,853,0.47
PBN,422,448,870,0.49
PBP,600,597,1197,0.5
PBS,239,263,502,0.48
PBb,482,456,938,0.51
PBh,56,59,115,0.49
PBj,149,155,304,0.49
PBl,241,208,449,0.54
PBm,397,339,736,0.54
PBn,548,560,1108,0.49
PBs,207,193,400,0.52
PBt,91,75,166,0.55
PDB,15,25,40,0.38
PDD,3,3,6,0.5
PDH,30,24,54,0.56
PDI,3,2,5,0.6
PDL,18,20,38,0.47
PDM,36,39,75,0.48
PDN,29,35,64,0.45
PDP,56,60,116,0.48
PDS,25,38,63,0.4
PDb,32,34,66,0.48
PDh,0,1,1,0.0
PDl,14,22,36,0.39
PDm,43,32,75,0.57
PDn,29,22,51,0.57
PDs,25,39,64,0.39
PDt,5,3,8,0.62
PHB,105,119,224,0.47
PHD,14,16,30,0.47
PHH,32,32,64,0.5
PHI,18,13,31,0.58
PHK,16,18,34,0.47
PHL,70,73,143,0.49
PHM,175,179,354,0.49
PHN,181,169,350,0.52
PHP,237,258,495,0.48
PHS,138,154,292,0.47
PHb,161,133,294,0.55
PHh,44,60,104,0.42
PHl,99,81,180,0.55
PHm,122,112,234,0.52
PHn,196,192,388,0.51
PHs,153,129,282,0.54
PHt,9,6,15,0.6
PIB,30,37,67,0.45
PID,2,5,7,0.29
PIH,29,32,61,0.48
PII,8,1,9,0.89
PIK,1,1,2,0.5
PIL,35,17,52,0.67
PIM,31,39,70,0.44
PIN,47,39,86,0.55
PIP,74,55,129,0.57
PIS,32,30,62,0.52
PIb,38,44,82,0.46
PIh,0,0,0,
PIl,19,17,36,0.53
PIm,44,34,78,0.56
PIn,36,20,56,0.64
PIs,18,21,39,0.46
PIt,0,3,3,0.0
PKB,37,43,80,0.46
PKD,1,3,4,0.25
PKH,5,6,11,0.45
PKI,3,3,6,0.5
PKK,1,1,2,0.5
PKL,31,30,61,0.51
PKM,58,63,121,0.48
PKN,33,43,76,0.43
PKP,85,62,147,0.58
PKS,31,45,76,0.41
PKb,58,46,104,0.56
PKh,46,43,89,0.52
PKl,40,34,74,0.54
PKm,49,52,101,0.49
PKn,49,59,108,0.45
PKs,43,48,91,0.47
PKt,3,6,9,0.33
PLB,213,209,422,0.5
PLD,17,10,27,0.63
PLH,8,4,12,0.67
PLI,1,0,1,1.0
PLK,11,20,31,0.35
PLL,114,106,220,0.52
PLM,258,301,559,0.46
PLN,212,235,447,0.47
PLP,345,351,696,0.5
PLS,179,183,362,0.49
PLb,279,284,563,0.5
PLh,100,124,224,0.45
PLj,84,90,174,0.48
PLl,169,166,335,0.5
PLm,264,209,473,0.56
PLn,336,353,689,0.49
PLs,169,155,324,0.52
PLt,47,44,91,0.52
PMB,481,492,973,0.49
PMD,29,33,62,0.47
PMH,3,3,6,0.5
PMI,1,0,1,1.0
PMK,0,4,4,0.0
PML,219,218,437,0.5
PMM,577,603,1180,0.49
PMN,496,507,1003,0.49
PMP,761,790,1551,0.49
PMS,327,371,698,0.47
PMb,656,647,1303,0.5
PMh,430,516,946,0.45
PMj,145,175,320,0.45
PMl,342,309,651,0.53
PMm,544,424,968,0.56
PMn,768,780,1548,0.5
PMs,356,385,741,0.48
PMt,96,80,176,0.55
PNB,447,446,893,0.5
PND,32,47,79,0.41
PNH,79,86,165,0.48
PNI,0,1,1,0.0
PNK,44,40,84,0.52
PNL,240,258,498,0.48
PNM,592,695,1287,0.46
PNN,611,619,1230,0.5
PNP,991,1003,1994,0.5
PNS,433,443,876,0.49
PNb,593,590,1183,0.5
PNh,250,258,508,0.49
PNl,333,319,652,0.51
PNm,529,430,959,0.55
PNn,772,750,1522,0.51
PNs,437,430,867,0.5
PNt,114,108,222,0.51
PPB,732,716,1448,0.51
PPD,73,49,122,0.6
PPH,256,227,483,0.53
PPI,79,51,130,0.61
PPK,89,93,182,0.49
PPL,513,556,1069,0.48
PPM,949,1057,2006,0.47
PPN,946,818,1764,0.54
PPP,1503,1482,2985,0.5
PPS,655,752,1407,0.47
PPb,1024,957,1981,0.52
PPh,95,140,235,0.4
PPl,639,553,1192,0.54
PPm,860,696,1556,0.55
PPn,892,820,1712,0.52
PPs,627,599,1226,0.51
PPt,117,96,213,0.55
PSB,267,281,548,0.49
PSD,27,25,52,0.52
PSH,128,151,279,0.46
PSI,6,6,12,0.5
PSK,11,15,26,0.42
PSL,167,206,373,0.45
PSM,402,457,859,0.47
PSN,316,361,677,0.47
PSP,586,613,1199,0.49
PSS,341,413,754,0.45
PSb,429,358,787,0.55
PSh,233,294,527,0.44
PSl,273,237,510,0.54
PSm,378,319,697,0.54
PSn,483,452,935,0.52
PSs,389,372,761,0.51
PSt,78,71,149,0.52
PbB,541,538,1079,0.5
PbD,40,35,75,0.53
PbH,165,169,334,0.49
PbI,56,41,97,0.58
PbJ,167,153,320,0.52
PbK,43,51,94,0.46
PbL,263,241,504,0.52
PbM,696,705,1401,0.5
PbN,736,674,1410,0.52
PbP,858,828,1686,0.51
PbS,321,347,668,0.48
Pbb,735,667,1402,0.52
Pbh,3,1,4,0.75
Pbl,349,290,639,0.55
Pbm,512,389,901,0.57
Pbn,565,552,1117,0.51
Pbs,277,303,580,0.48
PhB,47,59,106,0.44
PhD,7,4,11,0.64
PhH,8,19,27,0.3
PhI,1,2,3,0.33
PhK,3,0,3,1.0
PhL,28,31,59,0.47
PhM,69,65,134,0.51
PhN,50,50,100,0.5
PhP,94,117,211,0.45
PhS,48,51,99,0.48
Phb,61,52,113,0.54
Phh,69,79,148,0.47
Phl,40,46,86,0.47
Phm,59,54,113,0.52
Phn,78,65,143,0.55
Phs,57,66,123,0.46
Pht,14,8,22,0.64
PlB,230,239,469,0.49
PlD,20,12,32,0.62
PlH,197,192,389,0.51
PlI,32,19,51,0.63
PlJ,82,95,177,0.46
PlK,20,14,34,0.59
PlL,179,166,345,0.52
PlM,337,344,681,0.49
PlN,349,329,678,0.51
PlP,430,445,875,0.49
PlS,247,214,461,0.54
Plb,368,333,701,0.52
Plh,0,1,1,0.0
Pll,182,160,342,0.53
Plm,281,206,487,0.58
Pln,247,244,491,0.5
Pls,184,171,355,0.52
PmB,394,393,787,0.5
PmD,42,39,81,0.52
PmH,333,326,659,0.51
PmI,35,30,65,0.54
PmJ,110,112,222,0.5
PmK,3,3,6,0.5
PmL,225,201,426,0.53
PmM,514,573,1087,0.47
PmN,553,537,1090,0.51
PmP,633,677,1310,0.48
PmS,298,326,624,0.48
Pmb,505,485,990,0.51
Pmh,0,1,1,0.0
Pml,207,187,394,0.53
Pmm,370,302,672,0.55
Pmn,389,408,797,0.49
Pms,193,229,422,0.46
Pmt,2,0,2,1.0
PnB,431,430,861,0.5
PnD,52,51,103,0.5
PnH,278,299,577,0.48
PnI,67,75,142,0.47
PnK,38,55,93,0.41
PnL,258,249,507,0.51
PnM,613,624,1237,0.5
PnN,709,720,1429,0.5
PnP,977,910,1887,0.52
PnS,455,477,932,0.49
Pnb,606,548,1154,0.53
Pnh,34,28,62,0.55
Pnl,314,308,622,0.5
Pnm,506,432,938,0.54
Pnn,585,587,1172,0.5
Pns,459,416,875,0.52
Pnt,1,2,3,0.33
PsB,241,242,483,0.5
PsD,39,25,64,0.61
PsH,317,323,640,0.5
PsI,57,40,97,0.59
PsK,15,11,26,0.58
PsL,170,183,353,0.48
PsM,376,379,755,0.5
PsN,419,347,766,0.55
PsP,546,588,1134,0.48
PsS,385,431,816,0.47
Psb,380,338,718,0.53
Psh,19,18,37,0.51
Psl,224,196,420,0.53
Psm,376,313,689,0.55
Psn,305,331,636,0.48
Pss,293,309,602,0.49
Pst,4,6,10,0.4
PtB,58,36,94,0.62
PtD,6,6,12,0.5
PtH,30,38,68,0.44
PtI,1,1,2,0.5
PtK,6,2,8,0.75
PtL,35,29,64,0.55
PtM,72,90,162,0.44
PtN,53,58,111,0.48
PtP,92,96,188,0.49
PtS,57,66,123,0.46
Ptb,65,67,132,0.49
Pth,1,2,3,0.33
Ptl,34,41,75,0.45
Ptm,57,50,107,0.53
Ptn,66,50,116,0.57
Pts,46,37,83,0.55
Ptt,19,10,29,0.66
S,1,0,1,1.0
SBB,138,153,291,0.47
SBD,16,6,22,0.73
SBH,1,1,2,0.5
SBK,11,10,21,0.52
SBL,66,81,147,0.45
SBM,134,179,313,0.43
SBN,201,201,402,0.5
SBP,244,218,462,0.53
SBS,103,123,226,0.46
SBb,238,172,410,0.58
SBh,18,35,53,0.34
SBj,61,61,122,0.5
SBl,96,81,177,0.54
SBm,182,107,289,0.63
SBn,266,238,504,0.53
SBs,109,106,215,0.51
SBt,34,28,62,0.55
SDB,18,14,32,0.56
SDD,5,1,6,0.83
SDH,18,25,43,0.42
SDI,1,3,4,0.25
SDK,0,1,1,0.0
SDL,3,10,13,0.23
SDM,17,20,37,0.46
SDN,15,15,30,0.5
SDP,36,21,57,0.63
SDS,31,21,52,0.6
SDb,14,12,26,0.54
SDl,6,8,14,0.43
SDm,18,12,30,0.6
SDn,31,29,60,0.52
SDs,20,20,40,0.5
SDt,3,4,7,0.43
SHB,44,60,104,0.42
SHD,9,5,14,0.64
SHH,23,29,52,0.44
SHI,14,6,20,0.7
SHK,7,10,17,0.41
SHL,34,43,77,0.44
SHM,103,98,201,0.51
SHN,83,97,180,0.46
SHP,119,111,230,0.52
SHS,116,105,221,0.52
SHb,99,107,206,0.48
SHh,26,49,75,0.35
SHl,50,44,94,0.53
SHm,99,70,169,0.59
SHn,122,107,229,0.53
SHs,101,90,191,0.53
SHt,4,7,11,0.36
SIB,3,3,6,0.5
SIH,1,3,4,0.25
SIK,1,0,1,1.0
SIL,0,2,2,0.0
SIM,3,3,6,0.5
SIN,2,1,3,0.67
SIP,2,3,5,0.4
SIS,4,3,7,0.57
SIb,2,1,3,0.67
SIl,0,2,2,0.0
SIm,3,2,5,0.6
SIn,2,1,3,0.67
SIs,4,2,6,0.67
SKB,7,10,17,0.41
SKD,1,0,1,1.0
SKH,4,0,4,1.0
SKI,1,1,2,0.5
SKK,1,1,2,0.5
SKL,2,6,8,0.25
SKM,5,5,10,0.5
SKN,6,10,16,0.38
SKP,11,12,23,0.48
SKS,6,8,14,0.43
SKb,5,6,11,0.45
SKh,8,3,11,0.73
SKl,4,7,11,0.36
SKm,6,12,18,0.33
SKn,11,14,25,0.44
SKs,9,5,14,0.64
SKt,1,0,1,1.0
SLB,86,109,195,0.44
SLD,4,5,9,0.44
SLH,0,2,2,0.0
SLK,3,8,11,0.27
SLL,32,47,79,0.41
SLM,87,111,198,0.44
SLN,101,106,207,0.49
SLP,146,130,276,0.53
SLS,73,73,146,0.5
SLb,110,114,224,0.49
SLh,44,36,80,0.55
SLj,35,26,61,0.57
SLl,69,48,117,0.59
SLm,101,83,184,0.55
SLn,143,143,286,0.5
SLs,77,74,151,0.51
SLt,19,17,36,0.53
SM,1,0,1,1.0
SMB,224,203,427,0.52
SMD,15,21,36,0.42
SMH,2,2,4,0.5
SMI,2,0,2,1.0
SMK,3,4,7,0.43
SML,103,126,229,0.45
SMM,248,279,527,0.47
SMN,231,227,458,0.5
SMP,367,335,702,0.52
SMS,174,174,348,0.5
SMb,314,309,623,0.5
SMh,215,226,441,0.49
SMj,81,72,153,0.53
SMl,120,126,246,0.49
SMm,249,190,439,0.57
SMn,378,379,757,0.5
SMs,178,167,345,0.52
SMt,40,42,82,0.49
SNB,156,152,308,0.51
SND,16,21,37,0.43
SNH,40,50,90,0.44
SNI,1,0,1,1.0
SNK,25,29,54,0.46
SNL,85,79,164,0.52
SNM,242,265,507,0.48
SNN,298,299,597,0.5
SNP,402,406,808,0.5
SNS,218,219,437,0.5
SNb,233,227,460,0.51
SNh,92,97,189,0.49
SNl,108,107,215,0.5
SNm,228,175,403,0.57
SNn,361,404,765,0.47
SNs,169,170,339,0.5
SNt,50,41,91,0.55
SPB,297,270,567,0.52
SPD,30,25,55,0.55
SPH,109,129,238,0.46
SPI,29,25,54,0.54
SPK,39,55,94,0.41
SPL,161,192,353,0.46
SPM,375,450,825,0.45
SPN,442,430,872,0.51
SPP,662,562,1224,0.54
SPS,347,360,707,0.49
SPb,399,392,791,0.5
SPh,43,46,89,0.48
SPl,229,173,402,0.57
SPm,344,257,601,0.57
SPn,407,411,818,0.5
SPs,324,357,681,0.48
SPt,51,50,101,0.5
SSB,151,159,310,0.49
SSD,21,17,38,0.55
SSH,102,112,214,0.48
SSI,4,3,7,0.57
SSK,7,22,29,0.24
SSL,114,113,227,0.5
SSM,243,259,502,0.48
SSN,236,217,453,0.52
SSP,359,366,725,0.5
SSS,339,331,670,0.51
SSb,251,214,465,0.54
SSh,177,182,359,0.49
SSl,134,114,248,0.54
SSm,231,191,422,0.55
SSn,313,312,625,0.5
SSs,322,326,648,0.5
SSt,46,38,84,0.55
SbB,218,199,417,0.52
SbD,20,21,41,0.49
SbH,72,79,151,0.48
SbI,25,7,32,0.78
SbJ,73,63,136,0.54
SbK,24,29,53,0.45
SbL,90,107,197,0.46
SbM,255,234,489,0.52
SbN,346,338,684,0.51
SbP,336,316,652,0.52
SbS,181,186,367,0.49
Sbb,323,284,607,0.53
Sbh,0,2,2,0.0
Sbl,115,94,209,0.55
Sbm,194,130,324,0.6
Sbn,264,290,554,0.48
Sbs,153,121,274,0.56
ShB,112,103,215,0.52
ShD,17,13,30,0.57
ShH,33,51,84,0.39
ShI,14,14,28,0.5
ShK,6,3,9,0.67
ShL,66,64,130,0.51
ShM,169,186,355,0.48
ShN,147,185,332,0.44
ShP,245,238,483,0.51
ShS,186,188,374,0.5
Shb,172,181,353,0.49
Shh,170,170,340,0.5
Shl,86,69,155,0.55
Shm,162,128,290,0.56
Shn,228,228,456,0.5
Shs,194,184,378,0.51
Sht,29,24,53,0.55
SlB,90,87,177,0.51
SlD,9,4,13,0.69
SlH,83,105,188,0.44
SlI,9,7,16,0.56
SlJ,42,25,67,0.63
SlK,9,8,17,0.53
SlL,60,55,115,0.52
SlM,132,172,304,0.43
SlN,161,155,316,0.51
SlP,191,171,362,0.53
SlS,131,119,250,0.52
Slb,146,146,292,0.5
Slh,1,0,1,1.0
Sll,81,58,139,0.58
Slm,114,94,208,0.55
Sln,108,101,209,0.52
Sls,89,86,175,0.51
SmB,184,134,318,0.58
SmD,17,23,40,0.42
SmH,178,188,366,0.49
SmI,28,15,43,0.65
SmJ,54,32,86,0.63
SmK,1,6,7,0.14
SmL,84,94,178,0.47
SmM,221,243,464,0.48
SmN,304,237,541,0.56
SmP,324,301,625,0.52
SmS,170,171,341,0.5
Smb,252,235,487,0.52
Smh,0,2,2,0.0
Sml,83,85,168,0.49
Smm,179,137,316,0.57
Smn,237,222,459,0.52
Sms,134,111,245,0.55
SnB,188,214,402,0.47
SnD,37,31,68,0.54
SnH,193,183,376,0.51
SnI,33,40,73,0.45
SnK,34,27,61,0.56
SnL,98,124,222,0.44
SnM,304,336,640,0.48
SnN,459,457,916,0.5
SnP,551,517,1068,0.52
SnS,329,308,637,0.52
Snb,338,304,642,0.53
Snh,10,8,18,0.56
Snl,146,125,271,0.54
Snm,289,255,544,0.53
Snn,405,371,776,0.52
Sns,270,246,516,0.52
Snt,1,1,2,0.5
SsB,121,143,264,0.46
SsD,35,27,62,0.56
SsH,255,266,521,0.49
SsI,33,25,58,0.57
SsK,12,15,27,0.44
SsL,94,115,209,0.45
SsM,253,276,529,0.48
SsN,277,298,575,0.48
SsP,328,361,689,0.48
SsS,368,380,748,0.49
Ssb,252,246,498,0.51
Ssh,7,19,26,0.27
Ssl,136,117,253,0.54
Ssm,248,201,449,0.55
Ssn,240,241,481,0.5
Sss,289,270,559,0.52
Sst,7,2,9,0.78
StB,26,33,59,0.44
StD,6,8,14,0.43
StH,33,36,69,0.48
StI,1,1,2,0.5
StK,5,2,7,0.71
StL,26,21,47,0.55
StM,41,68,109,0.38
StN,50,60,110,0.45
StP,77,75,152,0.51
StS,53,66,119,0.45
Stb,38,50,88,0.43
Sth,0,3,3,0.0
Stl,26,26,52,0.5
Stm,45,28,73,0.62
Stn,47,58,105,0.45
Sts,37,43,80,0.46
Stt,12,13,25,0.48
bBB,311,308,619,0.5
bBD,20,17,37,0.54
bBH,5,2,7,0.71
bBI,0,1,1,0.0
bBK,13,24,37,0.35
bBL,122,135,257,0.47
bBM,324,347,671,0.48
bBN,371,391,762,0.49
bBP,483,443,926,0.52
bBS,171,213,384,0.45
bBb,391,395,786,0.5
bBh,62,69,131,0.47
bBj,125,145,270,0.46
bBl,148,137,285,0.52
bBm,296,235,531,0.56
bBn,521,455,976,0.53
bBs,164,163,327,0.5
bBt,64,60,124,0.52
bDB,25,21,46,0.54
bDD,0,1,1,0.0
bDH,30,19,49,0.61
bDI,1,2,3,0.33
bDK,0,1,1,0.0
bDL,12,13,25,0.48
bDM,21,21,42,0.5
bDN,25,24,49,0.51
bDP,51,45,96,0.53
bDS,16,19,35,0.46
bDb,24,23,47,0.51
bDh,0,0,0,
bDl,17,10,27,0.63
bDm,26,17,43,0.6
bDn,20,24,44,0.45
bDs,16,17,33,0.48
bDt,9,6,15,0.6
bHB,90,94,184,0.49
bHD,8,8,16,0.5
bHH,23,24,47,0.49
bHI,4,8,12,0.33
bHK,8,16,24,0.33
bHL,59,49,108,0.55
bHM,129,130,259,0.5
bHN,135,144,279,0.48
bHP,202,184,386,0.52
bHS,81,76,157,0.52
bHb,125,119,244,0.51
bHh,35,30,65,0.54
bHl,64,42,106,0.6
bHm,99,75,174,0.57
bHn,147,135,282,0.52
bHs,61,68,129,0.47
bHt,5,3,8,0.62
bIB,23,28,51,0.45
bID,4,3,7,0.57
bIH,26,30,56,0.46
bII,4,3,7,0.57
bIK,1,0,1,1.0
bIL,20,16,36,0.56
bIM,40,44,84,0.48
bIN,35,41,76,0.46
bIP,54,51,105,0.51
bIS,29,32,61,0.48
bIb,36,26,62,0.58
bIl,16,15,31,0.52
bIm,28,17,45,0.62
bIn,29,30,59,0.49
bIs,15,19,34,0.44
bIt,2,1,3,0.67
bJB,95,87,182,0.52
bJD,6,4,10,0.6
bJH,42,51,93,0.45
bJI,10,8,18,0.56
bJK,9,9,18,0.5
bJL,65,62,127,0.51
bJM,125,145,270,0.46
bJN,123,114,237,0.52
bJP,166,179,345,0.48
bJS,80,70,150,0.53
bJb,126,121,247,0.51
bJh,18,26,44,0.41
bJl,62,60,122,0.51
bJm,95,67,162,0.59
bJn,107,82,189,0.57
bJs,71,71,142,0.5
bJt,12,7,19,0.63
bKB,23,23,46,0.5
bKD,0,3,3,0.0
bKH,4,6,10,0.4
bKK,0,1,1,0.0
bKL,21,22,43,0.49
bKM,31,54,85,0.36
bKN,35,29,64,0.55
bKP,56,38,94,0.6
bKS,19,33,52,0.37
bKb,46,30,76,0.61
bKh,26,36,62,0.42
bKl,23,19,42,0.55
bKm,30,32,62,0.48
bKn,37,34,71,0.52
bKs,30,25,55,0.55
bKt,5,2,7,0.71
bLB,111,135,246,0.45
bLD,9,6,15,0.6
bLH,1,2,3,0.33
bLK,4,12,16,0.25
bLL,66,59,125,0.53
bLM,167,159,326,0.51
bLN,147,141,288,0.51
bLP,193,206,399,0.48
bLS,124,113,237,0.52
bLb,151,157,308,0.49
bLh,70,80,150,0.47
bLj,47,43,90,0.52
bLl,83,82,165,0.5
bLm,130,106,236,0.55
bLn,221,197,418,0.53
bLs,98,102,200,0.49
bLt,32,19,51,0.63
bMB,319,333,652,0.49
bMD,28,28,56,0.5
bMH,3,2,5,0.6
bMK,1,1,2,0.5
bML,136,140,276,0.49
bMM,405,443,848,0.48
bMN,418,426,844,0.5
bMP,530,548,1078,0.49
bMS,245,257,502,0.49
bMb,473,462,935,0.51
bMh,350,387,737,0.47
bMj,128,125,253,0.51
bMl,195,178,373,0.52
bMm,371,263,634,0.59
bMn,582,601,1183,0.49
bMs,249,230,479,0.52
bMt,56,74,130,0.43
bNB,422,356,778,0.54
bND,44,28,72,0.61
bNH,84,84,168,0.5
bNI,3,0,3,1.0
bNK,34,24,58,0.59
bNL,183,203,386,0.47
bNM,548,565,1113,0.49
bNN,583,598,1181,0.49
bNP,848,823,1671,0.51
bNS,354,392,746,0.47
bNb,544,495,1039,0.52
bNh,225,225,450,0.5
bNl,234,197,431,0.54
bNm,478,363,841,0.57
bNn,756,678,1434,0.53
bNs,309,315,624,0.5
bNt,134,98,232,0.58
bPB,461,466,927,0.5
bPD,40,30,70,0.57
bPH,145,153,298,0.49
bPI,44,27,71,0.62
bPK,52,43,95,0.55
bPL,271,281,552,0.49
bPM,630,613,1243,0.51
bPN,569,609,1178,0.48
bPP,947,887,1834,0.52
bPS,357,338,695,0.51
bPb,675,571,1246,0.54
bPh,83,80,163,0.51
bPl,317,289,606,0.52
bPm,473,363,836,0.57
bPn,566,565,1131,0.5
bPs,320,304,624,0.51
bPt,56,57,113,0.5
bSB,127,154,281,0.45
bSD,11,13,24,0.46
bSH,79,86,165,0.48
bSI,5,2,7,0.71
bSK,2,2,4,0.5
bSL,89,92,181,0.49
bSM,213,233,446,0.48
bSN,215,207,422,0.51
bSP,353,321,674,0.52
bSS,194,191,385,0.5
bSb,205,220,425,0.48
bSh,147,165,312,0.47
bSl,93,111,204,0.46
bSm,179,158,337,0.53
bSn,275,256,531,0.52
bSs,193,196,389,0.5
bSt,43,44,87,0.49
bbB,452,510,962,0.47
bbD,34,22,56,0.61
bbH,144,120,264,0.55
bbI,48,32,80,0.6
bbJ,118,116,234,0.5
bbK,35,36,71,0.49
bbL,178,167,345,0.52
bbM,518,513,1031,0.5
bbN,643,565,1208,0.53
bbP,653,640,1293,0.51
bbS,225,218,443,0.51
bbb,631,518,1149,0.55
bbl,196,158,354,0.55
bbm,327,241,568,0.58
bbn,527,471,998,0.53
bbs,190,165,355,0.54
bbt,0,1,1,0.0
bhB,0,2,2,0.0
bhM,2,0,2,1.0
bhP,2,2,4,0.5
bhb,2,3,5,0.4
bhh,1,0,1,1.0
bhl,0,1,1,0.0
bhm,1,0,1,1.0
blB,145,160,305,0.48
blD,11,5,16,0.69
blH,110,97,207,0.53
blI,18,18,36,0.5
blJ,42,30,72,0.58
blK,12,7,19,0.63
blL,80,70,150,0.53
blM,172,197,369,0.47
blN,219,234,453,0.48
blP,276,231,507,0.54
blS,116,94,210,0.55
blb,191,225,416,0.46
blh,0,1,1,0.0
bll,83,58,141,0.59
blm,130,95,225,0.58
bln,146,149,295,0.49
bls,110,76,186,0.59
bmB,277,269,546,0.51
bmD,28,16,44,0.64
bmH,208,195,403,0.52
bmI,26,18,44,0.59
bmJ,58,57,115,0.5
bmK,2,6,8,0.25
bmL,106,117,223,0.48
bmM,335,320,655,0.51
bmN,374,353,727,0.51
bmP,432,374,806,0.54
bmS,163,194,357,0.46
bmb,378,273,651,0.58
bml,86,72,158,0.54
bmm,195,152,347,0.56
bmn,315,270,585,0.54
bms,103,105,208,0.5
bmt,1,2,3,0.33
bnB,307,309,616,0.5
bnD,40,32,72,0.56
bnH,231,181,412,0.56
bnI,51,37,88,0.58
bnK,28,28,56,0.5
bnL,158,159,317,0.5
bnM,423,463,886,0.48
bnN,568,614,1182,0.48
bnP,764,643,1407,0.54
bnS,279,281,560,0.5
bnb,501,454,955,0.52
bnh,25,26,51,0.49
bnl,175,146,321,0.55
bnm,341,231,572,0.6
bnn,499,472,971,0.51
bns,266,217,483,0.55
bnt,1,0,1,1.0
bsB,113,118,231,0.49
bsD,23,18,41,0.56
bsH,194,195,389,0.5
bsI,30,18,48,0.62
bsK,2,10,12,0.17
bsL,91,71,162,0.56
bsM,195,217,412,0.47
bsN,228,210,438,0.52
bsP,293,266,559,0.52
bsS,177,171,348,0.51
bsb,181,200,381,0.48
bsh,6,8,14,0.43
bsl,97,70,167,0.58
bsm,178,109,287,0.62
bsn,165,170,335,0.49
bss,149,118,267,0.56
bst,0,0,0,
btB,0,1,1,0.0
btM,0,1,1,0.0
btb,1,1,2,0.5
hBB,57,56,113,0.5
hBD,5,4,9,0.56
hBK,5,5,10,0.5
hBL,19,29,48,0.4
hBM,66,70,136,0.49
hBN,74,70,144,0.51
hBP,77,84,161,0.48
hBS,31,40,71,0.44
hBb,90,72,162,0.56
hBh,6,14,20,0.3
hBj,21,21,42,0.5
hBl,34,25,59,0.58
hBm,65,57,122,0.53
hBn,86,92,178,0.48
hBs,43,29,72,0.6
hBt,11,11,22,0.5
hDB,4,3,7,0.57
hDD,0,2,2,0.0
hDH,3,7,10,0.3
hDI,1,0,1,1.0
hDL,3,3,6,0.5
hDM,2,6,8,0.25
hDN,7,6,13,0.54
hDP,7,11,18,0.39
hDS,4,5,9,0.44
hDb,7,7,14,0.5
hDl,4,2,6,0.67
hDm,7,2,9,0.78
hDn,5,7,12,0.42
hDs,9,7,16,0.56
hHB,15,13,28,0.54
hHD,2,1,3,0.67
hHH,4,4,8,0.5
hHI,2,2,4,0.5
hHK,0,3,3,0.0
hHL,6,3,9,0.67
hHM,20,18,38,0.53
hHN,25,20,45,0.56
hHP,32,32,64,0.5
hHS,20,23,43,0.47
hHb,26,12,38,0.68
hHh,10,9,19,0.53
hHl,11,8,19,0.58
hHm,17,10,27,0.63
hHn,27,29,56,0.48
hHs,17,22,39,0.44
hHt,1,0,1,1.0
hIB,0,2,2,0.0
hIH,5,7,12,0.42
hII,0,1,1,0.0
hIL,1,2,3,0.33
hIM,3,5,8,0.38
hIN,7,6,13,0.54
hIP,9,5,14,0.64
hIS,5,0,5,1.0
hIb,0,2,2,0.0
hIl,1,3,4,0.25
hIm,2,3,5,0.4
hIn,8,3,11,0.73
hIs,2,4,6,0.33
hIt,1,0,1,1.0
hKB,0,1,1,0.0
hKD,1,1,2,0.5
hKI,0,0,0,
hKL,2,3,5,0.4
hKM,1,4,5,0.2
hKN,2,2,4,0.5
hKP,2,0,2,1.0
hKS,1,1,2,0.5
hKb,1,1,2,0.5
hKh,0,3,3,0.0
hKl,1,0,1,1.0
hKm,0,1,1,0.0
hKn,0,2,2,0.0
hKs,3,2,5,0.6
hKt,1,0,1,1.0
hLB,36,20,56,0.64
hLD,1,2,3,0.33
hLH,1,1,2,0.5
hLI,0,0,0,
hLK,2,2,4,0.5
hLL,10,22,32,0.31
hLM,37,42,79,0.47
hLN,29,32,61,0.48
hLP,59,50,109,0.54
hLS,15,20,35,0.43
hLb,40,33,73,0.55
hLh,22,26,48,0.46
hLj,10,12,22,0.45
hLl,14,15,29,0.48
hLm,30,26,56,0.54
hLn,47,48,95,0.49
hLs,25,15,40,0.62
hLt,6,5,11,0.55
hMB,65,71,136,0.48
hMD,5,3,8,0.62
hMH,0,1,1,0.0
hMK,1,1,2,0.5
hML,46,35,81,0.57
hMM,101,112,213,0.47
hMN,73,79,152,0.48
hMP,115,131,246,0.47
hMS,51,61,112,0.46
hMb,99,110,209,0.47
hMh,87,92,179,0.49
hMj,27,14,41,0.66
hMl,55,34,89,0.62
hMm,66,67,133,0.5
hMn,121,124,245,0.49
hMs,59,63,122,0.48
hMt,15,12,27,0.56
hNB,69,62,131,0.53
hND,3,4,7,0.43
hNH,16,11,27,0.59
hNK,9,13,22,0.41
hNL,25,27,52,0.48
hNM,73,98,171,0.43
hNN,92,100,192,0.48
hNP,140,139,279,0.5
hNS,73,69,142,0.51
hNb,82,77,159,0.52
hNh,33,34,67,0.49
hNl,32,30,62,0.52
hNm,92,56,148,0.62
hNn,128,125,253,0.51
hNs,58,72,130,0.45
hNt,11,18,29,0.38
hPB,98,113,211,0.46
hPD,5,2,7,0.71
hPH,38,43,81,0.47
hPI,7,10,17,0.41
hPK,6,19,25,0.24
hPL,67,53,120,0.56
hPM,128,145,273,0.47
hPN,143,139,282,0.51
hPP,215,239,454,0.47
hPS,118,130,248,0.48
hPb,152,145,297,0.51
hPh,19,22,41,0.46
hPl,71,72,143,0.5
hPm,111,109,220,0.5
hPn,140,154,294,0.48
hPs,109,93,202,0.54
hPt,19,12,31,0.61
hSB,57,44,101,0.56
hSD,3,4,7,0.43
hSH,26,33,59,0.44
hSI,2,0,2,1.0
hSK,3,4,7,0.43
hSL,31,22,53,0.58
hSM,70,71,141,0.5
hSN,83,69,152,0.55
hSP,95,93,188,0.51
hSS,73,118,191,0.38
hSb,62,80,142,0.44
hSh,56,64,120,0.47
hSl,38,48,86,0.44
hSm,66,57,123,0.54
hSn,85,84,169,0.5
hSs,87,89,176,0.49
hSt,12,18,30,0.4
hbB,70,55,125,0.56
hbD,5,7,12,0.42
hbH,35,37,72,0.49
hbI,8,6,14,0.57
hbJ,22,29,51,0.43
hbK,14,7,21,0.67
hbL,47,44,91,0.52
hbM,110,97,207,0.53
hbN,111,115,226,0.49
hbP,127,122,249,0.51
hbS,74,74,148,0.5
hbb,105,114,219,0.48
hbh,1,0,1,1.0
hbl,51,40,91,0.56
hbm,77,56,133,0.58
hbn,108,110,218,0.5
hbs,60,46,106,0.57
hhB,56,60,116,0.48
hhD,5,5,10,0.5
hhH,26,21,47,0.55
hhI,2,1,3,0.67
hhK,1,3,4,0.25
hhL,26,32,58,0.45
hhM,72,86,158,0.46
hhN,71,65,136,0.52
hhP,136,100,236,0.58
hhS,79,89,168,0.47
hhb,83,70,153,0.54
hhh,79,76,155,0.51
hhl,45,37,82,0.55
hhm,85,70,155,0.55
hhn,86,88,174,0.49
hhs,79,81,160,0.49
hht,9,11,20,0.45
hlB,27,40,67,0.4
hlD,2,0,2,1.0
hlH,45,41,86,0.52
hlI,3,3,6,0.5
hlJ,19,11,30,0.63
hlK,1,6,7,0.14
hlL,23,24,47,0.49
hlM,55,63,118,0.47
hlN,49,67,116,0.42
hlP,75,70,145,0.52
hlS,49,48,97,0.51
hlb,43,54,97,0.44
hll,37,24,61,0.61
hlm,50,27,77,0.65
hln,33,34,67,0.49
hls,38,32,70,0.54
hmB,52,56,108,0.48
hmD,16,8,24,0.67
hmH,58,64,122,0.48
hmI,3,7,10,0.3
hmJ,13,16,29,0.45
hmK,1,1,2,0.5
hmL,35,32,67,0.52
hmM,91,94,185,0.49
hmN,98,91,189,0.52
hmP,93,89,182,0.51
hmS,75,67,142,0.53
hmb,80,70,150,0.53
hmh,0,2,2,0.0
hml,30,16,46,0.65
hmm,70,41,111,0.63
hmn,93,67,160,0.58
hms,36,47,83,0.43
hnB,77,71,148,0.52
hnD,10,4,14,0.71
hnH,56,55,111,0.5
hnI,18,10,28,0.64
hnK,10,18,28,0.36
hnL,55,38,93,0.59
hnM,110,126,236,0.47
hnN,152,141,293,0.52
hnP,184,183,367,0.5
hnS,94,116,210,0.45
hnb,112,97,209,0.54
hnh,7,5,12,0.58
hnl,59,30,89,0.66
hnm,96,78,174,0.55
hnn,117,128,245,0.48
hns,81,91,172,0.47
hsB,46,47,93,0.49
hsD,9,8,17,0.53
hsH,82,101,183,0.45
hsI,11,4,15,0.73
hsK,4,5,9,0.44
hsL,38,36,74,0.51
hsM,76,86,162,0.47
hsN,84,74,158,0.53
hsP,118,121,239,0.49
hsS,89,112,201,0.44
hsb,79,73,152,0.52
hsh,3,5,8,0.38
hsl,38,32,70,0.54
hsm,89,61,150,0.59
hsn,78,71,149,0.52
hss,78,69,147,0.53
hst,1,0,1,1.0
htB,6,8,14,0.43
htD,2,1,3,0.67
htH,5,2,7,0.71
htK,2,2,4,0.5
htL,3,6,9,0.33
htM,10,11,21,0.48
htN,13,14,27,0.48
htP,16,21,37,0.43
htS,14,10,24,0.58
htb,13,9,22,0.59
hth,0,0,0,
htl,8,9,17,0.47
htm,6,5,11,0.55
htn,7,10,17,0.41
hts,9,8,17,0.53
htt,2,2,4,0.5
jBB,17,19,36,0.47
jBD,0,1,1,0.0
jBK,1,3,4,0.25
jBL,6,14,20,0.3
jBM,21,26,47,0.45
jBN,19,31,50,0.38
jBP,23,25,48,0.48
jBS,8,16,24,0.33
jBb,19,23,42,0.45
jBh,2,8,10,0.2
jBj,5,3,8,0.62
jBl,14,11,25,0.56
jBm,18,22,40,0.45
jBn,23,24,47,0.49
jBs,10,7,17,0.59
jBt,2,3,5,0.4
jDH,1,2,3,0.33
jDL,1,0,1,1.0
jDM,1,0,1,1.0
jDN,2,0,2,1.0
jDP,1,2,3,0.33
jDS,2,1,3,0.67
jDb,2,1,3,0.67
jDm,2,2,4,0.5
jDn,2,1,3,0.67
jDs,0,2,2,0.0
jHB,5,8,13,0.38
jHH,0,2,2,0.0
jHI,1,1,2,0.5
jHL,1,3,4,0.25
jHM,5,9,14,0.36
jHN,8,8,16,0.5
jHP,13,14,27,0.48
jHS,6,9,15,0.4
jHb,8,8,16,0.5
jHh,6,2,8,0.75
jHl,3,4,7,0.43
jHm,8,6,14,0.57
jHn,8,9,17,0.47
jHs,7,5,12,0.58
jHt,0,1,1,0.0
jIB,0,1,1,0.0
jID,1,0,1,1.0
jIH,1,0,1,1.0
jIL,1,1,2,0.5
jIM,2,2,4,0.5
jIN,0,0,0,
jIP,1,4,5,0.2
jIS,0,2,2,0.0
jIb,3,2,5,0.6
jIl,1,0,1,1.0
jIm,0,1,1,0.0
jIn,1,0,1,1.0
jIs,1,3,4,0.25
jKB,2,2,4,0.5
jKH,0,0,0,
jKL,1,4,5,0.2
jKM,1,3,4,0.25
jKN,0,2,2,0.0
jKP,2,3,5,0.4
jKS,3,0,3,1.0
jKb,0,2,2,0.0
jKh,3,1,4,0.75
jKl,2,1,3,0.67
jKm,1,4,5,0.2
jKn,1,2,3,0.33
jKs,0,0,0,
jLB,6,9,15,0.4
jLD,1,0,1,1.0
jLK,2,0,2,1.0
jLL,3,5,8,0.38
jLM,10,9,19,0.53
jLN,11,11,22,0.5
jLP,9,18,27,0.33
jLS,9,4,13,0.69
jLb,12,6,18,0.67
jLh,2,6,8,0.25
jLj,6,3,9,0.67
jLl,7,6,13,0.54
jLm,9,8,17,0.53
jLn,12,19,31,0.39
jLs,7,9,16,0.44
jLt,0,0,0,
jMB,20,24,44,0.45
jMD,0,2,2,0.0
jML,5,10,15,0.33
jMM,15,13,28,0.54
jMN,29,24,53,0.55
jMP,28,28,56,0.5
jMS,17,15,32,0.53
jMb,31,27,58,0.53
jMh,16,17,33,0.48
jMj,7,5,12,0.58
jMl,11,10,21,0.52
jMm,19,21,40,0.48
jMn,28,44,72,0.39
jMs,21,12,33,0.64
jMt,5,1,6,0.83
jNB,21,11,32,0.66
jND,2,3,5,0.4
jNH,1,3,4,0.25
jNK,0,2,2,0.0
jNL,12,14,26,0.46
jNM,18,20,38,0.47
jNN,23,26,49,0.47
jNP,49,47,96,0.51
jNS,17,24,41,0.41
jNb,23,18,41,0.56
jNh,10,17,27,0.37
jNl,10,13,23,0.43
jNm,19,21,40,0.48
jNn,43,26,69,0.62
jNs,12,18,30,0.4
jNt,0,3,3,0.0
jPB,24,27,51,0.47
jPD,4,1,5,0.8
jPH,8,8,16,0.5
jPI,4,1,5,0.8
jPK,8,3,11,0.73
jPL,19,25,44,0.43
jPM,28,40,68,0.41
jPN,39,33,72,0.54
jPP,60,65,125,0.48
jPS,27,35,62,0.44
jPb,48,36,84,0.57
jPh,7,6,13,0.54
jPl,27,21,48,0.56
jPm,40,32,72,0.56
jPn,45,42,87,0.52
jPs,24,27,51,0.47
jPt,4,7,11,0.36
jSB,11,16,27,0.41
jSD,1,1,2,0.5
jSH,8,7,15,0.53
jSK,0,1,1,0.0
jSL,6,7,13,0.46
jSM,16,14,30,0.53
jSN,16,10,26,0.62
jSP,30,27,57,0.53
jSS,11,19,30,0.37
jSb,13,17,30,0.43
jSh,13,13,26,0.5
jSl,10,12,22,0.45
jSm,15,16,31,0.48
jSn,21,23,44,0.48
jSs,15,9,24,0.62
jSt,1,2,3,0.33
jbB,29,26,55,0.53
jbD,1,1,2,0.5
jbH,9,4,13,0.69
jbI,3,2,5,0.6
jbJ,4,7,11,0.36
jbK,1,2,3,0.33
jbL,14,13,27,0.52
jbM,32,37,69,0.46
jbN,36,28,64,0.56
jbP,47,55,102,0.46
jbS,19,16,35,0.54
jbb,34,23,57,0.6
jbl,14,15,29,0.48
jbm,21,23,44,0.48
jbn,20,18,38,0.53
jbs,11,8,19,0.58
jhB,5,1,6,0.83
jhH,1,2,3,0.33
jhI,0,0,0,
jhL,4,1,5,0.8
jhM,2,4,6,0.33
jhN,6,5,11,0.55
jhP,7,7,14,0.5
jhS,5,2,7,0.71
jhb,6,6,12,0.5
jhh,8,9,17,0.47
jhl,3,7,10,0.3
jhm,3,4,7,0.43
jhn,3,6,9,0.33
jhs,5,3,8,0.62
jlB,4,12,16,0.25
jlD,0,2,2,0.0
jlH,13,14,27,0.48
jlI,0,2,2,0.0
jlJ,5,3,8,0.62
jlK,1,0,1,1.0
jlL,8,5,13,0.62
jlM,10,16,26,0.38
jlN,15,13,28,0.54
jlP,20,16,36,0.56
jlS,14,10,24,0.58
jlb,13,16,29,0.45
jll,11,4,15,0.73
jlm,10,9,19,0.53
jln,13,11,24,0.54
jls,12,8,20,0.6
jmB,10,16,26,0.38
jmD,1,4,5,0.2
jmH,14,17,31,0.45
jmI,3,0,3,1.0
jmJ,4,7,11,0.36
jmK,0,0,0,
jmL,12,9,21,0.57
jmM,11,18,29,0.38
jmN,28,26,54,0.52
jmP,26,25,51,0.51
jmS,9,25,34,0.26
jmb,15,17,32,0.47
jml,8,10,18,0.44
jmm,21,17,38,0.55
jmn,14,16,30,0.47
jms,8,9,17,0.47
jnB,24,23,47,0.51
jnD,1,1,2,0.5
jnH,16,14,30,0.53
jnI,2,2,4,0.5
jnK,3,3,6,0.5
jnL,20,12,32,0.62
jnM,17,34,51,0.33
jnN,32,32,64,0.5
jnP,44,39,83,0.53
jnS,21,30,51,0.41
jnb,26,24,50,0.52
jnh,2,2,4,0.5
jnl,19,15,34,0.56
jnm,21,19,40,0.52
jnn,33,33,66,0.5
jns,12,16,28,0.43
jsB,10,5,15,0.67
jsD,2,2,4,0.5
jsH,13,13,26,0.5
jsI,3,1,4,0.75
jsK,0,2,2,0.0
jsL,6,9,15,0.4
jsM,20,8,28,0.71
jsN,12,17,29,0.41
jsP,20,25,45,0.44
jsS,15,10,25,0.6
jsb,13,14,27,0.48
jsh,2,2,4,0.5
jsl,9,7,16,0.56
jsm,18,5,23,0.78
jsn,14,12,26,0.54
jss,16,11,27,0.59
jst,1,0,1,1.0
jtB,1,4,5,0.2
jtD,1,0,1,1.0
jtH,3,3,6,0.5
jtK,1,2,3,0.33
jtL,4,1,5,0.8
jtM,1,2,3,0.33
jtN,4,8,12,0.33
jtP,5,7,12,0.42
jtS,2,2,4,0.5
jtb,3,3,6,0.5
jtl,0,3,3,0.0
jtm,1,4,5,0.2
jtn,7,4,11,0.64
jts,4,2,6,0.67
jtt,0,1,1,0.0
lBB,110,122,232,0.47
lBD,8,5,13,0.62
lBH,1,1,2,0.5
lBK,7,11,18,0.39
lBL,44,63,107,0.41
lBM,140,120,260,0.54
lBN,152,180,332,0.46
lBP,188,211,399,0.47
lBS,70,110,180,0.39
lBb,177,141,318,0.56
lBh,21,17,38,0.55
lBj,39,45,84,0.46
lBl,78,56,134,0.58
lBm,132,113,245,0.54
lBn,216,177,393,0.55
lBs,74,78,152,0.49
lBt,26,28,54,0.48
lDB,9,7,16,0.56
lDD,2,1,3,0.67
lDH,14,15,29,0.48
lDI,0,1,1,0.0
lDL,13,8,21,0.62
lDM,16,13,29,0.55
lDN,14,13,27,0.52
lDP,22,14,36,0.61
lDS,6,13,19,0.32
lDb,12,10,22,0.55
lDl,5,2,7,0.71
lDm,9,2,11,0.82
lDn,14,11,25,0.56
lDs,15,14,29,0.52
lDt,2,5,7,0.29
lHB,83,91,174,0.48
lHD,13,6,19,0.68
lHH,24,12,36,0.67
lHI,14,8,22,0.64
lHK,5,10,15,0.33
lHL,46,50,96,0.48
lHM,147,138,285,0.52
lHN,128,137,265,0.48
lHP,192,186,378,0.51
lHS,92,97,189,0.49
lHb,129,113,242,0.53
lHh,44,67,111,0.4
lHl,61,60,121,0.5
lHm,105,92,197,0.53
lHn,130,151,281,0.46
lHs,92,87,179,0.51
lHt,9,3,12,0.75
lIB,13,12,25,0.52
lID,1,1,2,0.5
lIH,11,7,18,0.61
lII,0,1,1,0.0
lIL,4,8,12,0.33
lIM,12,19,31,0.39
lIN,17,19,36,0.47
lIP,20,23,43,0.47
lIS,8,7,15,0.53
lIb,21,18,39,0.54
lIl,3,2,5,0.6
lIm,16,11,27,0.59
lIn,18,8,26,0.69
lIs,10,7,17,0.59
lJB,34,39,73,0.47
lJD,4,3,7,0.57
lJH,17,19,36,0.47
lJI,7,4,11,0.64
lJK,1,2,3,0.33
lJL,22,20,42,0.52
lJM,47,44,91,0.52
lJN,43,54,97,0.44
lJP,73,58,131,0.56
lJS,34,42,76,0.45
lJb,61,52,113,0.54
lJh,8,2,10,0.8
lJl,24,27,51,0.47
lJm,44,34,78,0.56
lJn,29,43,72,0.4
lJs,32,33,65,0.49
lJt,8,0,8,1.0
lKB,4,8,12,0.33
lKK,1,1,2,0.5
lKL,3,5,8,0.38
lKM,12,16,28,0.43
lKN,6,5,11,0.55
lKP,11,14,25,0.44
lKS,3,3,6,0.5
lKb,10,9,19,0.53
lKh,5,13,18,0.28
lKl,5,5,10,0.5
lKm,10,9,19,0.53
lKn,12,10,22,0.55
lKs,4,3,7,0.57
lKt,2,0,2,1.0
lLB,52,59,111,0.47
lLD,5,2,7,0.71
lLH,1,2,3,0.33
lLK,2,4,6,0.33
lLL,38,32,70,0.54
lLM,81,96,177,0.46
lLN,84,72,156,0.54
lLP,100,98,198,0.51
lLS,62,58,120,0.52
lLb,81,73,154,0.53
lLh,47,37,84,0.56
lLj,25,25,50,0.5
lLl,43,39,82,0.52
lLm,60,55,115,0.52
lLn,128,101,229,0.56
lLs,69,53,122,0.57
lLt,19,20,39,0.49
lMB,151,124,275,0.55
lMD,11,10,21,0.52
lMK,2,2,4,0.5
lML,82,77,159,0.52
lMM,178,180,358,0.5
lMN,183,178,361,0.51
lMP,221,245,466,0.47
lMS,110,145,255,0.43
lMb,202,186,388,0.52
lMh,132,136,268,0.49
lMj,56,53,109,0.51
lMl,107,84,191,0.56
lMm,150,126,276,0.54
lMn,287,263,550,0.52
lMs,114,122,236,0.48
lMt,38,33,71,0.54
lNB,151,157,308,0.49
lND,16,17,33,0.48
lNH,36,34,70,0.51
lNI,1,0,1,1.0
lNK,15,13,28,0.54
lNL,107,89,196,0.55
lNM,195,214,409,0.48
lNN,254,213,467,0.54
lNP,358,337,695,0.52
lNS,141,149,290,0.49
lNb,201,208,409,0.49
lNh,64,79,143,0.45
lNl,102,91,193,0.53
lNm,196,136,332,0.59
lNn,319,291,610,0.52
lNs,161,129,290,0.56
lNt,46,43,89,0.52
lPB,192,232,424,0.45
lPD,15,14,29,0.52
lPH,64,69,133,0.48
lPI,23,13,36,0.64
lPK,20,24,44,0.45
lPL,130,120,250,0.52
lPM,274,257,531,0.52
lPN,245,279,524,0.47
lPP,429,387,816,0.53
lPS,155,185,340,0.46
lPb,243,250,493,0.49
lPh,28,25,53,0.53
lPl,149,122,271,0.55
lPm,216,158,374,0.58
lPn,253,250,503,0.5
lPs,178,148,326,0.55
lPt,31,26,57,0.54
lSB,81,87,168,0.48
lSD,10,8,18,0.56
lSH,46,30,76,0.61
lSI,0,2,2,0.0
lSK,2,1,3,0.67
lSL,49,60,109,0.45
lSM,125,150,275,0.45
lSN,139,121,260,0.53
lSP,185,197,382,0.48
lSS,122,135,257,0.47
lSb,128,122,250,0.51
lSh,65,92,157,0.41
lSl,67,68,135,0.5
lSm,104,76,180,0.58
lSn,157,136,293,0.54
lSs,137,147,284,0.48
lSt,30,29,59,0.51
lbB,182,185,367,0.5
lbD,10,8,18,0.56
lbH,58,49,107,0.54
lbI,21,8,29,0.72
lbJ,56,51,107,0.52
lbK,11,15,26,0.42
lbL,94,79,173,0.54
lbM,211,219,430,0.49
lbN,264,268,532,0.5
lbP,281,278,559,0.5
lbS,80,97,177,0.45
lbb,251,240,491,0.51
lbl,96,89,185,0.52
lbm,160,126,286,0.56
lbn,213,169,382,0.56
lbs,94,81,175,0.54
lhB,0,1,1,0.0
lhH,1,0,1,1.0
lhP,1,0,1,1.0
lhS,1,0,1,1.0
llB,87,75,162,0.54
llD,11,10,21,0.52
llH,44,68,112,0.39
llI,6,4,10,0.6
llJ,20,20,40,0.5
llK,1,5,6,0.17
llL,35,48,83,0.42
llM,101,103,204,0.5
llN,99,105,204,0.49
llP,109,118,227,0.48
llS,59,61,120,0.49
llb,117,79,196,0.6
lll,49,40,89,0.55
llm,59,52,111,0.53
lln,75,73,148,0.51
lls,37,45,82,0.45
lmB,127,120,247,0.51
lmD,11,11,22,0.5
lmH,75,102,177,0.42
lmI,10,9,19,0.53
lmJ,26,30,56,0.46
lmK,1,2,3,0.33
lmL,44,49,93,0.47
lmM,148,144,292,0.51
lmN,189,173,362,0.52
lmP,172,188,360,0.48
lmS,69,86,155,0.45
lmb,150,130,280,0.54
lmh,0,1,1,0.0
lml,58,40,98,0.59
lmm,103,76,179,0.58
lmn,143,111,254,0.56
lms,61,37,98,0.62
lnB,104,123,227,0.46
lnD,14,6,20,0.7
lnH,76,90,166,0.46
lnI,19,16,35,0.54
lnK,8,17,25,0.32
lnL,67,66,133,0.5
lnM,161,192,353,0.46
lnN,229,191,420,0.55
lnP,276,271,547,0.5
lnS,104,104,208,0.5
lnb,177,148,325,0.54
lnh,0,1,1,0.0
lnl,64,53,117,0.55
lnm,143,126,269,0.53
lnn,187,158,345,0.54
lns,96,96,192,0.5
lnt,1,1,2,0.5
lsB,74,67,141,0.52
lsD,14,19,33,0.42
lsH,87,97,184,0.47
lsI,9,12,21,0.43
lsK,1,2,3,0.33
lsL,45,42,87,0.52
lsM,112,95,207,0.54
lsN,113,93,206,0.55
lsP,166,157,323,0.51
lsS,110,83,193,0.57
lsb,101,93,194,0.52
lsh,2,6,8,0.25
lsl,65,52,117,0.56
lsm,96,69,165,0.58
lsn,111,74,185,0.6
lss,81,75,156,0.52
lst,0,2,2,0.0
mBB,179,187,366,0.49
mBD,18,17,35,0.51
mBH,2,4,6,0.33
mBK,19,15,34,0.56
mBL,88,78,166,0.53
mBM,219,242,461,0.48
mBN,294,321,615,0.48
mBP,359,329,688,0.52
mBS,191,174,365,0.52
mBb,256,248,504,0.51
mBh,29,52,81,0.36
mBj,94,100,194,0.48
mBl,97,101,198,0.49
mBm,227,173,400,0.57
mBn,409,368,777,0.53
mBs,136,128,264,0.52
mBt,55,47,102,0.54
mDB,22,23,45,0.49
mDD,4,5,9,0.44
mDH,21,25,46,0.46
mDI,2,2,4,0.5
mDK,1,1,2,0.5
mDL,13,23,36,0.36
mDM,36,36,72,0.5
mDN,32,29,61,0.52
mDP,30,45,75,0.4
mDS,29,27,56,0.52
mDb,16,35,51,0.31
mDh,0,2,2,0.0
mDl,12,19,31,0.39
mDm,27,33,60,0.45
mDn,36,35,71,0.51
mDs,31,17,48,0.65
mDt,4,9,13,0.31
mHB,155,178,333,0.47
mHD,16,25,41,0.39
mHH,33,24,57,0.58
mHI,14,16,30,0.47
mHK,17,10,27,0.63
mHL,93,86,179,0.52
mHM,249,258,507,0.49
mHN,227,268,495,0.46
mHP,367,341,708,0.52
mHS,165,158,323,0.51
mHb,224,221,445,0.5
mHh,111,127,238,0.47
mHl,108,108,216,0.5
mHm,180,168,348,0.52
mHn,313,265,578,0.54
mHs,167,169,336,0.5
mHt,20,28,48,0.42
mIB,23,16,39,0.59
mID,4,3,7,0.57
mIH,12,17,29,0.41
mII,3,1,4,0.75
mIK,2,0,2,1.0
mIL,15,10,25,0.6
mIM,19,29,48,0.4
mIN,35,22,57,0.61
mIP,43,40,83,0.52
mIS,14,14,28,0.5
mIb,34,28,62,0.55
mIl,8,13,21,0.38
mIm,18,17,35,0.51
mIn,30,35,65,0.46
mIs,23,15,38,0.61
mIt,0,1,1,0.0
mJB,49,47,96,0.51
mJD,3,1,4,0.75
mJH,34,31,65,0.52
mJI,5,5,10,0.5
mJK,8,7,15,0.53
mJL,30,28,58,0.52
mJM,71,83,154,0.46
mJN,89,67,156,0.57
mJP,106,98,204,0.52
mJS,44,48,92,0.48
mJb,78,59,137,0.57
mJh,6,5,11,0.55
mJl,27,24,51,0.53
mJm,49,45,94,0.52
mJn,71,74,145,0.49
mJs,52,42,94,0.55
mJt,16,7,23,0.7
mKB,4,4,8,0.5
mKH,0,1,1,0.0
mKL,1,1,2,0.5
mKM,4,1,5,0.8
mKN,2,2,4,0.5
mKP,2,3,5,0.4
mKS,1,4,5,0.2
mKb,4,4,8,0.5
mKh,2,1,3,0.67
mKl,2,3,5,0.4
mKm,5,1,6,0.83
mKn,3,3,6,0.5
mKs,5,1,6,0.83
mKt,1,0,1,1.0
mLB,97,84,181,0.54
mLD,5,6,11,0.45
mLH,1,4,5,0.2
mLK,2,7,9,0.22
mLL,40,39,79,0.51
mLM,110,121,231,0.48
mLN,120,145,265,0.45
mLP,152,138,290,0.52
mLS,82,91,173,0.47
mLb,106,102,208,0.51
mLh,58,85,143,0.41
mLj,24,48,72,0.33
mLl,60,46,106,0.57
mLm,103,73,176,0.59
mLn,177,171,348,0.51
mLs,82,75,157,0.52
mLt,22,19,41,0.54
mMB,221,228,449,0.49
mMD,19,17,36,0.53
mMH,2,0,2,1.0
mMI,2,0,2,1.0
mMK,4,0,4,1.0
mML,88,81,169,0.52
mMM,305,315,620,0.49
mMN,368,385,753,0.49
mMP,394,416,810,0.49
mMS,217,204,421,0.52
mMb,318,300,618,0.51
mMh,265,281,546,0.49
mMj,120,87,207,0.58
mMl,137,119,256,0.54
mMm,288,246,534,0.54
mMn,542,509,1051,0.52
mMs,204,200,404,0.5
mMt,59,67,126,0.47
mNB,267,248,515,0.52
mND,40,22,62,0.65
mNH,80,82,162,0.49
mNI,0,0,0,
mNK,24,28,52,0.46
mNL,126,130,256,0.49
mNM,351,376,727,0.48
mNN,485,523,1008,0.48
mNP,629,612,1241,0.51
mNS,293,310,603,0.49
mNb,378,299,677,0.56
mNh,85,106,191,0.45
mNl,151,147,298,0.51
mNm,280,254,534,0.52
mNn,617,545,1162,0.53
mNs,242,254,496,0.49
mNt,95,57,152,0.62
mPB,315,326,641,0.49
mPD,33,39,72,0.46
mPH,128,126,254,0.5
mPI,31,26,57,0.54
mPK,27,35,62,0.44
mPL,169,177,346,0.49
mPM,439,499,938,0.47
mPN,474,451,925,0.51
mPP,708,673,1381,0.51
mPS,289,280,569,0.51
mPb,448,421,869,0.52
mPh,43,38,81,0.53
mPl,185,217,402,0.46
mPm,312,290,602,0.52
mPn,478,448,926,0.52
mPs,278,240,518,0.54
mPt,54,62,116,0.47
mSB,115,144,259,0.44
mSD,16,12,28,0.57
mSH,47,71,118,0.4
mSI,1,1,2,0.5
mSK,4,5,9,0.44
mSL,57,55,112,0.51
mSM,182,193,375,0.49
mSN,203,206,409,0.5
mSP,319,273,592,0.54
mSS,183,195,378,0.48
mSb,193,177,370,0.52
mSh,127,131,258,0.49
mSl,82,79,161,0.51
mSm,161,143,304,0.53
mSn,274,264,538,0.51
mSs,216,210,426,0.51
mSt,69,30,99,0.7
mbB,321,298,619,0.52
mbD,17,17,34,0.5
mbH,93,86,179,0.52
mbI,36,22,58,0.62
mbJ,105,85,190,0.55
mbK,20,24,44,0.45
mbL,120,116,236,0.51
mbM,332,334,666,0.5
mbN,463,437,900,0.51
mbP,465,417,882,0.53
mbS,163,162,325,0.5
mbb,405,331,736,0.55
mbl,116,109,225,0.52
mbm,266,191,457,0.58
mbn,365,356,721,0.51
mbs,110,110,220,0.5
mhI,0,1,1,0.0
mhM,0,1,1,0.0
mhS,0,0,0,
mhb,0,1,1,0.0
mhh,0,0,0,
mhm,1,0,1,1.0
mhn,1,3,4,0.25
mhs,2,1,3,0.67
mlB,114,102,216,0.53
mlD,6,5,11,0.55
mlH,77,54,131,0.59
mlI,8,11,19,0.42
mlJ,24,27,51,0.47
mlK,2,3,5,0.4
mlL,51,50,101,0.5
mlM,104,122,226,0.46
mlN,132,134,266,0.5
mlP,170,135,305,0.56
mlS,68,66,134,0.51
mlb,138,113,251,0.55
mll,47,42,89,0.53
mlm,94,65,159,0.59
mln,94,93,187,0.5
mls,51,43,94,0.54
mmB,211,218,429,0.49
mmD,21,18,39,0.54
mmH,151,136,287,0.53
mmI,19,21,40,0.48
mmJ,51,38,89,0.57
mmK,2,1,3,0.67
mmL,78,77,155,0.5
mmM,224,226,450,0.5
mmN,298,307,605,0.49
mmP,298,276,574,0.52
mmS,113,131,244,0.46
mmb,274,240,514,0.53
mmh,1,1,2,0.5
mml,71,50,121,0.59
mmm,173,128,301,0.57
mmn,252,231,483,0.52
mms,79,76,155,0.51
mmt,1,0,1,1.0
mnB,237,243,480,0.49
mnD,21,24,45,0.47
mnH,176,161,337,0.52
mnI,53,30,83,0.64
mnK,28,13,41,0.68
mnL,101,105,206,0.49
mnM,314,313,627,0.5
mnN,444,471,915,0.49
mnP,471,502,973,0.48
mnS,228,203,431,0.53
mnb,340,285,625,0.54
mnh,3,4,7,0.43
mnl,107,100,207,0.52
mnm,239,197,436,0.55
mnn,405,385,790,0.51
mns,170,190,360,0.47
msB,82,80,162,0.51
msD,16,14,30,0.53
msH,120,116,236,0.51
msI,21,12,33,0.64
msK,2,0,2,1.0
msL,48,62,110,0.44
msM,124,142,266,0.47
msN,161,167,328,0.49
msP,211,190,401,0.53
msS,153,149,302,0.51
msb,133,107,240,0.55
msh,4,3,7,0.57
msl,56,55,111,0.5
msm,131,94,225,0.58
msn,156,145,301,0.52
mss,109,114,223,0.49
mst,0,1,1,0.0
mtB,0,0,0,
mtN,2,0,2,1.0
mtP,0,1,1,0.0
mtb,1,2,3,0.33
mtt,0,1,1,0.0
nBB,294,255,549,0.54
nBD,12,18,30,0.4
nBH,2,5,7,0.29
nBK,21,24,45,0.47
nBL,103,113,216,0.48
nBM,251,339,590,0.43
nBN,344,397,741,0.46
nBP,432,425,857,0.5
nBS,166,190,356,0.47
nBb,317,301,618,0.51
nBh,31,42,73,0.42
nBj,112,114,226,0.5
nBl,140,120,260,0.54
nBm,269,234,503,0.53
nBn,498,464,962,0.52
nBs,135,186,321,0.42
nBt,58,54,112,0.52
nDB,25,14,39,0.64
nDD,5,5,10,0.5
nDH,38,30,68,0.56
nDI,2,3,5,0.4
nDK,0,0,0,
nDL,16,20,36,0.44
nDM,36,44,80,0.45
nDN,33,42,75,0.44
nDP,56,47,103,0.54
nDS,42,36,78,0.54
nDb,29,37,66,0.44
nDh,1,3,4,0.25
nDl,18,13,31,0.58
nDm,30,36,66,0.45
nDn,51,29,80,0.64
nDs,35,25,60,0.58
nDt,10,11,21,0.48
nHB,162,141,303,0.53
nHD,17,19,36,0.47
nHH,46,46,92,0.5
nHI,20,19,39,0.51
nHK,19,18,37,0.51
nHL,87,79,166,0.52
nHM,224,231,455,0.49
nHN,303,294,597,0.51
nHP,376,379,755,0.5
nHS,175,200,375,0.47
nHb,219,206,425,0.52
nHh,103,100,203,0.51
nHl,120,105,225,0.53
nHm,195,162,357,0.55
nHn,350,288,638,0.55
nHs,170,201,371,0.46
nHt,21,18,39,0.54
nIB,42,46,88,0.48
nID,4,5,9,0.44
nIH,34,48,82,0.41
nII,6,7,13,0.46
nIK,1,0,1,1.0
nIL,17,29,46,0.37
nIM,54,55,109,0.5
nIN,63,61,124,0.51
nIP,103,70,173,0.6
nIS,49,48,97,0.51
nIb,47,64,111,0.42
nIl,27,15,42,0.64
nIm,56,43,99,0.57
nIn,43,75,118,0.36
nIs,30,27,57,0.53
nIt,5,3,8,0.62
nKB,23,15,38,0.61
nKD,7,3,10,0.7
nKH,1,8,9,0.11
nKI,6,3,9,0.67
nKK,3,2,5,0.6
nKL,13,11,24,0.54
nKM,37,38,75,0.49
nKN,27,33,60,0.45
nKP,56,62,118,0.47
nKS,31,31,62,0.5
nKb,36,31,67,0.54
nKh,25,34,59,0.42
nKl,29,20,49,0.59
nKm,44,29,73,0.6
nKn,52,44,96,0.54
nKs,31,27,58,0.53
nKt,5,3,8,0.62
nLB,130,134,264,0.49
nLD,10,8,18,0.56
nLH,1,1,2,0.5
nLK,9,12,21,0.43
nLL,60,70,130,0.46
nLM,155,171,326,0.48
nLN,157,174,331,0.47
nLP,218,210,428,0.51
nLS,98,123,221,0.44
nLb,145,177,322,0.45
nLh,65,70,135,0.48
nLj,65,50,115,0.57
nLl,76,87,163,0.47
nLm,145,121,266,0.55
nLn,241,215,456,0.53
nLs,108,114,222,0.49
nLt,28,37,65,0.43
nMB,351,337,688,0.51
nMD,17,25,42,0.4
nMH,0,2,2,0.0
nMK,2,3,5,0.4
nML,140,152,292,0.48
nMM,393,469,862,0.46
nMN,450,481,931,0.48
nMP,548,537,1085,0.51
nMS,282,299,581,0.49
nMb,435,459,894,0.49
nMh,335,397,732,0.46
nMj,146,135,281,0.52
nMl,209,206,415,0.5
nMm,380,321,701,0.54
nMn,707,679,1386,0.51
nMs,265,265,530,0.5
nMt,94,70,164,0.57
nNB,418,423,841,0.5
nND,52,47,99,0.53
nNH,104,98,202,0.51
nNI,4,2,6,0.67
nNK,46,55,101,0.46
nNL,212,215,427,0.5
nNM,522,624,1146,0.46
nNN,743,744,1487,0.5
nNP,1023,980,2003,0.51
nNS,442,481,923,0.48
nNb,556,526,1082,0.51
nNh,215,243,458,0.47
nNl,287,233,520,0.55
nNm,516,414,930,0.55
nNn,912,889,1801,0.51
nNs,416,425,841,0.49
nNt,130,112,242,0.54
nPB,538,496,1034,0.52
nPD,44,51,95,0.46
nPH,248,242,490,0.51
nPI,62,49,111,0.56
nPK,84,68,152,0.55
nPL,313,341,654,0.48
nPM,688,798,1486,0.46
nPN,875,828,1703,0.51
nPP,1290,1211,2501,0.52
nPS,550,567,1117,0.49
nPb,746,680,1426,0.52
nPh,93,83,176,0.53
nPl,384,362,746,0.51
nPm,669,469,1138,0.59
nPn,852,792,1644,0.52
nPs,517,515,1032,0.5
nPt,97,86,183,0.53
nSB,209,239,448,0.47
nSD,27,23,50,0.54
nSH,105,148,253,0.42
nSI,3,1,4,0.75
nSK,13,7,20,0.65
nSL,106,135,241,0.44
nSM,325,355,680,0.48
nSN,333,336,669,0.5
nSP,477,523,1000,0.48
nSS,329,370,699,0.47
nSb,316,283,599,0.53
nSh,238,236,474,0.5
nSl,142,144,286,0.5
nSm,296,264,560,0.53
nSn,435,476,911,0.48
nSs,318,291,609,0.52
nSt,80,69,149,0.54
nbB,383,328,711,0.54
nbD,33,26,59,0.56
nbH,147,115,262,0.56
nbI,42,35,77,0.55
nbJ,123,131,254,0.48
nbK,48,43,91,0.53
nbL,158,196,354,0.45
nbM,465,508,973,0.48
nbN,657,676,1333,0.49
nbP,635,570,1205,0.53
nbS,264,270,534,0.49
nbb,511,460,971,0.53
nbh,2,0,2,1.0
nbl,184,170,354,0.52
nbm,378,265,643,0.59
nbn,547,448,995,0.55
nbs,209,197,406,0.51
nbt,1,0,1,1.0
nhB,18,11,29,0.62
nhD,1,1,2,0.5
nhH,4,4,8,0.5
nhI,0,1,1,0.0
nhL,15,8,23,0.65
nhM,20,17,37,0.54
nhN,17,14,31,0.55
nhP,32,20,52,0.62
nhS,12,8,20,0.6
nhb,25,19,44,0.57
nhh,16,13,29,0.55
nhl,10,10,20,0.5
nhm,16,17,33,0.48
nhn,21,18,39,0.54
nhs,13,17,30,0.43
nht,3,0,3,1.0
nlB,133,147,280,0.48
nlD,12,15,27,0.44
nlH,147,157,304,0.48
nlI,11,17,28,0.39
nlJ,43,58,101,0.43
nlK,2,8,10,0.2
nlL,69,76,145,0.48
nlM,181,188,369,0.49
nlN,264,233,497,0.53
nlP,288,274,562,0.51
nlS,134,149,283,0.47
nlb,214,202,416,0.51
nlh,1,0,1,1.0
nll,92,80,172,0.53
nlm,145,100,245,0.59
nln,191,158,349,0.55
nls,105,93,198,0.53
nmB,277,287,564,0.49
nmD,40,40,80,0.5
nmH,258,263,521,0.5
nmI,28,31,59,0.47
nmJ,75,76,151,0.5
nmK,4,2,6,0.67
nmL,136,104,240,0.57
nmM,381,372,753,0.51
nmN,445,449,894,0.5
nmP,492,464,956,0.51
nmS,217,213,430,0.5
nmb,386,318,704,0.55
nml,130,109,239,0.54
nmm,261,200,461,0.57
nmn,411,351,762,0.54
nms,150,151,301,0.5
nmt,1,0,1,1.0
nnB,336,341,677,0.5
nnD,46,59,105,0.44
nnH,264,274,538,0.49
nnI,62,52,114,0.54
nnK,42,48,90,0.47
nnL,192,178,370,0.52
nnM,526,515,1041,0.51
nnN,694,784,1478,0.47
nnP,943,848,1791,0.53
nnS,383,429,812,0.47
nnb,560,469,1029,0.54
nnh,19,24,43,0.44
nnl,217,214,431,0.5
nnm,421,319,740,0.57
nnn,656,608,1264,0.52
nns,382,339,721,0.53
nnt,1,2,3,0.33
nsB,176,158,334,0.53
nsD,44,34,78,0.56
nsH,284,290,574,0.49
nsI,33,28,61,0.54
nsK,8,5,13,0.62
nsL,126,106,232,0.54
nsM,298,309,607,0.49
nsN,361,357,718,0.5
nsP,480,438,918,0.52
nsS,316,288,604,0.52
nsb,301,239,540,0.56
nsh,10,9,19,0.53
nsl,132,117,249,0.53
nsm,254,211,465,0.55
nsn,327,290,617,0.53
nss,248,257,505,0.49
nst,1,2,3,0.33
ntB,0,0,0,
ntH,0,1,1,0.0
ntL,1,0,1,1.0
ntM,0,4,4,0.0
ntN,4,1,5,0.8
ntP,1,2,3,0.33
ntb,2,0,2,1.0
ntl,1,1,2,0.5
ntm,5,0,5,1.0
ntn,1,1,2,0.5
nts,0,1,1,0.0
ntt,1,0,1,1.0
sBB,115,114,229,0.5
sBD,15,6,21,0.71
sBH,3,2,5,0.6
sBK,14,12,26,0.54
sBL,55,55,110,0.5
sBM,138,160,298,0.46
sBN,158,165,323,0.49
sBP,190,206,396,0.48
sBS,101,104,205,0.49
sBb,148,168,316,0.47
sBh,20,16,36,0.56
sBj,50,59,109,0.46
sBl,62,68,130,0.48
sBm,124,107,231,0.54
sBn,187,201,388,0.48
sBs,95,70,165,0.58
sBt,29,23,52,0.56
sDB,22,18,40,0.55
sDD,7,3,10,0.7
sDH,23,29,52,0.44
sDI,0,1,1,0.0
sDK,0,1,1,0.0
sDL,11,11,22,0.5
sDM,30,33,63,0.48
sDN,36,26,62,0.58
sDP,29,38,67,0.43
sDS,26,27,53,0.49
sDb,35,23,58,0.6
sDh,1,0,1,1.0
sDl,7,11,18,0.39
sDm,22,22,44,0.5
sDn,23,18,41,0.56
sDs,22,26,48,0.46
sDt,3,3,6,0.5
sHB,146,167,313,0.47
sHD,23,23,46,0.5
sHH,50,49,99,0.51
sHI,26,20,46,0.57
sHK,12,23,35,0.34
sHL,66,100,166,0.4
sHM,224,297,521,0.43
sHN,237,256,493,0.48
sHP,343,282,625,0.55
sHS,199,213,412,0.48
sHb,224,210,434,0.52
sHh,136,134,270,0.5
sHl,120,107,227,0.53
sHm,211,165,376,0.56
sHn,293,277,570,0.51
sHs,212,221,433,0.49
sHt,13,20,33,0.39
sIB,20,21,41,0.49
sID,2,3,5,0.4
sIH,25,23,48,0.52
sII,3,0,3,1.0
sIL,8,14,22,0.36
sIM,35,39,74,0.47
sIN,35,36,71,0.49
sIP,39,45,84,0.46
sIS,27,27,54,0.5
sIb,29,19,48,0.6
sIh,0,0,0,
sIl,12,15,27,0.44
sIm,21,22,43,0.49
sIn,21,15,36,0.58
sIs,24,30,54,0.44
sIt,1,2,3,0.33
sKB,1,9,10,0.1
sKD,0,1,1,0.0
sKH,2,0,2,1.0
sKK,0,1,1,0.0
sKL,7,3,10,0.7
sKM,6,8,14,0.43
sKN,1,6,7,0.14
sKP,12,10,22,0.55
sKS,8,6,14,0.57
sKb,10,4,14,0.71
sKh,4,13,17,0.24
sKl,3,4,7,0.43
sKm,10,9,19,0.53
sKn,7,7,14,0.5
sKs,8,3,11,0.73
sKt,0,1,1,0.0
sLB,80,78,158,0.51
sLD,5,6,11,0.45
sLH,0,1,1,0.0
sLK,7,8,15,0.47
sLL,26,51,77,0.34
sLM,95,95,190,0.5
sLN,94,89,183,0.51
sLP,126,126,252,0.5
sLS,62,81,143,0.43
sLb,97,87,184,0.53
sLh,54,45,99,0.55
sLj,26,30,56,0.46
sLl,64,62,126,0.51
sLm,81,81,162,0.5
sLn,134,136,270,0.5
sLs,84,63,147,0.57
sLt,16,16,32,0.5
sMB,179,199,378,0.47
sMD,8,10,18,0.44
sMH,6,2,8,0.75
sMI,0,0,0,
sMK,0,6,6,0.0
sML,99,92,191,0.52
sMM,219,238,457,0.48
sMN,202,215,417,0.48
sMP,274,276,550,0.5
sMS,172,174,346,0.5
sMb,218,222,440,0.5
sMh,217,204,421,0.52
sMj,57,77,134,0.43
sMl,118,106,224,0.53
sMm,230,203,433,0.53
sMn,336,342,678,0.5
sMs,169,174,343,0.49
sMt,36,48,84,0.43
sNB,187,169,356,0.53
sND,20,18,38,0.53
sNH,48,45,93,0.52
sNI,1,2,3,0.33
sNK,25,22,47,0.53
sNL,101,108,209,0.48
sNM,246,281,527,0.47
sNN,329,288,617,0.53
sNP,435,448,883,0.49
sNS,229,225,454,0.5
sNb,256,207,463,0.55
sNh,81,94,175,0.46
sNl,106,107,213,0.5
sNm,210,198,408,0.51
sNn,378,350,728,0.52
sNs,233,220,453,0.51
sNt,59,57,116,0.51
sPB,258,274,532,0.48
sPD,25,29,54,0.46
sPH,111,117,228,0.49
sPI,31,24,55,0.56
sPK,25,53,78,0.32
sPL,167,162,329,0.51
sPM,342,369,711,0.48
sPN,382,389,771,0.5
sPP,593,582,1175,0.5
sPS,292,322,614,0.48
sPb,350,365,715,0.49
sPh,48,39,87,0.55
sPl,189,200,389,0.49
sPm,351,257,608,0.58
sPn,388,345,733,0.53
sPs,254,316,570,0.45
sPt,58,38,96,0.6
sSB,156,162,318,0.49
sSD,27,31,58,0.47
sSH,90,102,192,0.47
sSI,6,1,7,0.86
sSK,11,12,23,0.48
sSL,113,107,220,0.51
sSM,218,308,526,0.41
sSN,231,274,505,0.46
sSP,358,367,725,0.49
sSS,290,340,630,0.46
sSb,205,202,407,0.5
sSh,171,190,361,0.47
sSl,132,117,249,0.53
sSm,225,190,415,0.54
sSn,298,323,621,0.48
sSs,340,306,646,0.53
sSt,52,47,99,0.53
sbB,193,173,366,0.53
sbD,24,14,38,0.63
sbH,74,50,124,0.6
sbI,23,15,38,0.61
sbJ,86,66,152,0.57
sbK,28,25,53,0.53
sbL,102,97,199,0.51
sbM,273,239,512,0.53
sbN,313,311,624,0.5
sbP,326,285,611,0.53
sbS,134,142,276,0.49
sbb,292,231,523,0.56
sbh,0,1,1,0.0
sbl,100,112,212,0.47
sbm,205,143,348,0.59
sbn,237,217,454,0.52
sbs,112,126,238,0.47
shB,5,8,13,0.38
shD,0,1,1,0.0
shH,1,2,3,0.33
shK,0,1,1,0.0
shL,2,4,6,0.33
shM,11,9,20,0.55
shN,6,8,14,0.43
shP,20,14,34,0.59
shS,7,12,19,0.37
shb,14,7,21,0.67
shh,11,10,21,0.52
shl,6,3,9,0.67
shm,9,7,16,0.56
shn,7,16,23,0.3
shs,15,10,25,0.6
sht,0,2,2,0.0
slB,97,96,193,0.5
slD,10,8,18,0.56
slH,64,77,141,0.45
slI,9,11,20,0.45
slJ,34,28,62,0.55
slK,10,4,14,0.71
slL,55,59,114,0.48
slM,125,118,243,0.51
slN,156,138,294,0.53
slP,159,155,314,0.51
slS,96,81,177,0.54
slb,118,114,232,0.51
sll,61,72,133,0.46
slm,91,87,178,0.51
sln,128,95,223,0.57
sls,71,81,152,0.47
smB,168,165,333,0.5
smD,36,20,56,0.64
smH,197,138,335,0.59
smI,17,14,31,0.55
smJ,33,44,77,0.43
smK,2,3,5,0.4
smL,84,88,172,0.49
smM,220,226,446,0.49
smN,249,264,513,0.49
smP,262,251,513,0.51
smS,153,166,319,0.48
smb,207,206,413,0.5
sml,90,75,165,0.55
smm,181,136,317,0.57
smn,208,197,405,0.51
sms,137,90,227,0.6
snB,142,172,314,0.45
snD,36,23,59,0.61
snH,138,132,270,0.51
snI,34,28,62,0.55
snK,20,24,44,0.45
snL,79,83,162,0.49
snM,226,229,455,0.5
snN,309,324,633,0.49
snP,337,364,701,0.48
snS,179,190,369,0.49
snb,225,203,428,0.53
snh,5,3,8,0.62
snl,111,101,212,0.52
snm,172,148,320,0.54
snn,281,238,519,0.54
sns,182,164,346,0.53
snt,0,2,2,0.0
ssB,116,120,236,0.49
ssD,27,24,51,0.53
ssH,207,235,442,0.47
ssI,32,18,50,0.64
ssK,8,6,14,0.57
ssL,78,81,159,0.49
ssM,188,220,408,0.46
ssN,223,210,433,0.52
ssP,261,294,555,0.47
ssS,269,258,527,0.51
ssb,202,182,384,0.53
ssh,10,7,17,0.59
ssl,131,89,220,0.6
ssm,194,146,340,0.57
ssn,213,166,379,0.56
sss,229,233,462,0.5
sst,1,2,3,0.33
stB,1,1,2,0.5
stD,0,0,0,
stH,1,0,1,1.0
stL,0,2,2,0.0
stM,3,5,8,0.38
stN,2,3,5,0.4
stP,5,0,5,1.0
stS,1,0,1,1.0
stb,1,2,3,0.33
stl,3,1,4,0.75
stm,1,0,1,1.0
stn,1,1,2,0.5
sts,1,0,1,1.0
tBB,25,23,48,0.52
tBD,3,2,5,0.6
tBK,2,1,3,0.67
tBL,16,10,26,0.62
tBM,30,33,63,0.48
tBN,21,22,43,0.49
tBP,28,26,54,0.52
tBS,10,13,23,0.43
tBb,33,17,50,0.66
tBh,2,4,6,0.33
tBj,14,7,21,0.67
tBl,13,8,21,0.62
tBm,19,23,42,0.45
tBn,31,40,71,0.44
tBs,13,15,28,0.46
tBt,8,3,11,0.73
tDB,0,4,4,0.0
tDD,2,1,3,0.67
tDH,2,1,3,0.67
tDI,0,0,0,
tDK,0,0,0,
tDL,1,0,1,1.0
tDM,2,4,6,0.33
tDN,3,2,5,0.6
tDP,2,3,5,0.4
tDS,3,1,4,0.75
tDb,3,2,5,0.6
tDl,2,2,4,0.5
tDm,5,4,9,0.56
tDn,3,5,8,0.38
tDs,6,1,7,0.86
tHB,11,17,28,0.39
tHD,2,4,6,0.33
tHH,4,8,12,0.33
tHI,0,1,1,0.0
tHK,1,1,2,0.5
tHL,14,8,22,0.64
tHM,24,14,38,0.63
tHN,23,24,47,0.49
tHP,27,22,49,0.55
tHS,10,11,21,0.48
tHb,15,26,41,0.37
tHh,10,11,21,0.48
tHl,15,13,28,0.54
tHm,24,12,36,0.67
tHn,32,26,58,0.55
tHs,15,13,28,0.54
tHt,1,2,3,0.33
tID,0,0,0,
tIM,1,1,2,0.5
tIN,1,0,1,1.0
tIP,0,2,2,0.0
tIS,0,2,2,0.0
tIb,2,0,2,1.0
tIl,0,0,0,
tIm,2,0,2,1.0
tIn,0,1,1,0.0
tKB,3,1,4,0.75
tKD,1,0,1,1.0
tKH,0,1,1,0.0
tKL,2,0,2,1.0
tKM,5,4,9,0.56
tKN,2,0,2,1.0
tKP,2,3,5,0.4
tKS,2,7,9,0.22
tKb,4,1,5,0.8
tKh,2,1,3,0.67
tKl,3,1,4,0.75
tKm,0,3,3,0.0
tKn,0,1,1,0.0
tKs,0,1,1,0.0
tLB,14,14,28,0.5
tLD,1,1,2,0.5
tLK,1,0,1,1.0
tLL,5,6,11,0.45
tLM,15,17,32,0.47
tLN,17,15,32,0.53
tLP,22,17,39,0.56
tLS,8,12,20,0.4
tLb,25,18,43,0.58
tLh,10,5,15,0.67
tLj,9,3,12,0.75
tLl,5,8,13,0.38
tLm,14,9,23,0.61
tLn,24,9,33,0.73
tLs,8,10,18,0.44
tLt,2,6,8,0.25
tMB,30,38,68,0.44
tMD,0,4,4,0.0
tMH,0,1,1,0.0
tMK,0,0,0,
tML,15,13,28,0.54
tMM,27,33,60,0.45
tMN,28,41,69,0.41
tMP,49,60,109,0.45
tMS,25,29,54,0.46
tMb,51,30,81,0.63
tMh,23,31,54,0.43
tMj,8,9,17,0.47
tMl,22,17,39,0.56
tMm,34,33,67,0.51
tMn,61,64,125,0.49
tMs,27,17,44,0.61
tMt,4,5,9,0.44
tNB,36,27,63,0.57
tND,2,0,2,1.0
tNH,6,3,9,0.67
tNI,0,0,0,
tNK,1,1,2,0.5
tNL,23,11,34,0.68
tNM,42,49,91,0.46
tNN,47,47,94,0.5
tNP,58,64,122,0.48
tNS,32,40,72,0.44
tNb,33,35,68,0.49
tNh,12,20,32,0.38
tNl,22,15,37,0.59
tNm,32,32,64,0.5
tNn,59,60,119,0.5
tNs,29,32,61,0.48
tNt,7,6,13,0.54
tPB,45,40,85,0.53
tPD,2,6,8,0.25
tPH,16,16,32,0.5
tPI,7,5,12,0.58
tPK,1,3,4,0.25
tPL,28,28,56,0.5
tPM,59,66,125,0.47
tPN,61,61,122,0.5
tPP,97,105,202,0.48
tPS,45,45,90,0.5
tPb,59,65,124,0.48
tPh,8,4,12,0.67
tPl,40,37,77,0.52
tPm,77,46,123,0.63
tPn,65,58,123,0.53
tPs,52,42,94,0.55
tPt,3,9,12,0.25
tSB,22,21,43,0.51
tSD,3,2,5,0.6
tSH,20,10,30,0.67
tSI,1,0,1,1.0
tSK,1,1,2,0.5
tSL,12,9,21,0.57
tSM,34,28,62,0.55
tSN,25,28,53,0.47
tSP,48,26,74,0.65
tSS,39,30,69,0.57
tSb,22,28,50,0.44
tSh,15,19,34,0.44
tSl,17,15,32,0.53
tSm,33,38,71,0.46
tSn,40,44,84,0.48
tSs,33,27,60,0.55
tSt,3,8,11,0.27
tbB,43,26,69,0.62
tbD,3,4,7,0.43
tbH,10,9,19,0.53
tbI,2,1,3,0.67
tbJ,11,10,21,0.52
tbK,4,2,6,0.67
tbL,16,21,37,0.43
tbM,39,38,77,0.51
tbN,48,59,107,0.45
tbP,41,47,88,0.47
tbS,22,11,33,0.67
tbb,39,47,86,0.45
tbl,30,22,52,0.58
tbm,33,28,61,0.54
tbn,47,43,90,0.52
tbs,14,24,38,0.37
thB,1,0,1,1.0
thL,2,0,2,1.0
thM,0,1,1,0.0
thP,2,1,3,0.67
thS,0,0,0,
thb,1,2,3,0.33
thh,1,1,2,0.5
thl,1,0,1,1.0
thm,2,0,2,1.0
thn,2,1,3,0.67
ths,1,0,1,1.0
tlB,11,13,24,0.46
tlD,1,1,2,0.5
tlH,10,11,21,0.48
tlI,3,2,5,0.6
tlJ,3,5,8,0.38
tlK,2,0,2,1.0
tlL,14,8,22,0.64
tlM,10,15,25,0.4
tlN,22,19,41,0.54
tlP,26,28,54,0.48
tlS,13,11,24,0.54
tlb,19,23,42,0.45
tll,19,10,29,0.66
tlm,18,8,26,0.69
tln,14,11,25,0.56
tls,8,5,13,0.62
tmB,23,21,44,0.52
tmD,4,12,16,0.25
tmH,24,17,41,0.59
tmI,1,3,4,0.25
tmJ,4,9,13,0.31
tmL,12,13,25,0.48
tmM,43,42,85,0.51
tmN,53,31,84,0.63
tmP,41,36,77,0.53
tmS,17,26,43,0.4
tmb,29,31,60,0.48
tml,18,12,30,0.6
tmm,25,22,47,0.53
tmn,20,14,34,0.59
tms,9,16,25,0.36
tnB,33,23,56,0.59
tnD,5,4,9,0.56
tnH,28,30,58,0.48
tnI,5,2,7,0.71
tnK,3,1,4,0.75
tnL,9,17,26,0.35
tnM,40,34,74,0.54
tnN,58,55,113,0.51
tnP,67,55,122,0.55
tnS,30,33,63,0.48
tnb,43,42,85,0.51
tnh,1,4,5,0.2
tnl,15,23,38,0.39
tnm,30,27,57,0.53
tnn,32,43,75,0.43
tns,26,24,50,0.52
tnt,2,0,2,1.0
tsB,12,14,26,0.46
tsD,2,4,6,0.33
tsH,24,18,42,0.57
tsI,2,2,4,0.5
tsL,2,7,9,0.22
tsM,27,22,49,0.55
tsN,17,25,42,0.4
tsP,35,37,72,0.49
tsS,25,31,56,0.45
tsb,10,18,28,0.36
tsl,9,7,16,0.56
tsm,25,19,44,0.57
tsn,17,17,34,0.5
tss,24,24,48,0.5
ttB,4,1,5,0.8
ttD,0,2,2,0.0
ttH,5,4,9,0.56
ttL,6,6,12,0.5
ttM,11,6,17,0.65
ttN,14,11,25,0.56
ttP,10,9,19,0.53
ttS,9,8,17,0.53
ttb,7,11,18,0.39
tth,1,1,2,0.5
ttl,3,7,10,0.3
ttm,7,8,15,0.47
ttn,8,9,17,0.47
tts,6,4,10,0.6
ttt,2,0,2,1.0
